4 500
1357 1905 3140 1401 2765 1418 2516 912
2650 802 556 1056 1611 1946 3911 804
1774 107 3675 1522 3245 1956 1150 449
1307 964 1182 1853 2147 1032 1470 867
3806 746 3595 111 1176 318 3945 946
2687 1353 962 1895 2252 299 275 1627
43 1957 2030 1186 1349 352 567 1768
3092 1668 3507 1851 3575 1049 2734 886
185 1542 2642 1269 920 916 1414 136
834 629 3438 901 1408 388 2084 790
40 462 3858 1472 1674 478 750 659
1183 1391 2937 1568 292 1296 1871 1917
2048 1628 376 1018 808 1658 394 1928
1097 643 839 1355 1184 321 1871 1654
1838 1732 706 1925 2689 1176 1729 1075
234 1118 749 920 1237 876 1988 1278
3314 1881 298 615 1433 911 3358 988
737 1285 694 552 3366 594 2160 1674
779 777 387 190 1722 1780 520 740
2312 1949 2801 695 1850 1737 960 1366
2576 189 3133 1143 1967 409 3969 745
3078 1541 1517 266 1125 467 125 1757
2781 478 1538 224 749 1940 3363 394
705 1812 844 520 313 378 97 1899
3409 1917 2639 1239 2884 1926 3258 1900
323 1714 3123 217 695 1452 978 842
1660 1556 2489 1520 150 1060 1733 1801
3729 1188 3834 1827 1093 1491 3732 1248
693 1383 3417 1808 1597 1920 1706 1115
2361 640 2938 543 844 1151 3571 689
2433 1538 71 1323 267 899 3250 824
554 1825 3245 1828 596 409 233 612
913 317 731 1741 946 1995 2768 1757
3586 1909 2312 1270 1119 1127 421 187
2636 727 2426 1851 1179 1083 1209 1861
1000 457 380 478 2647 1534 711 195
482 1337 2310 635 480 39 971 388
3704 1082 2830 775 1629 1256 2639 284
3635 1174 3829 513 1274 1604 1044 1760
1362 1526 3684 445 3465 763 263 935
2049 417 171 514 3346 1776 744 75
2552 1909 627 1261 1457 37 1970 497
3939 640 1490 1123 630 1490 255 348
219 898 61 81 2961 1021 867 302
812 351 422 542 2152 1190 2091 486
901 1552 2698 1221 2258 90 620 203
2513 1572 2372 127 919 1769 1007 303
242 584 177 1390 2808 1753 3845 1866
826 1226 3084 748 235 202 2820 1590
3278 799 1213 910 90 1858 1883 1532
86 1065 3 1817 1623 1792 3388 1930
14 454 1782 995 2670 710 209 1204
1327 1893 3896 742 3337 345 3849 1298
2773 1286 1829 812 2027 1783 1711 981
2469 1838 1286 550 2888 1677 3558 309
3835 963 3017 108 1352 1033 2188 162
1031 428 2132 1432 1817 1142 2405 310
3853 1712 2000 1110 3868 381 902 1863
1868 197 3317 1966 2953 170 2961 212
1544 863 1729 1498 2240 695 2113 1155
457 1607 2408 1747 584 994 1473 1516
3174 1064 3292 152 546 1556 2962 377
192 1004 193 1210 1263 1814 855 1354
2318 1925 782 1462 500 370 96 1044
2232 1374 2503 352 3093 643 3884 1971
396 828 1697 1924 3565 987 2385 1269
2365 1649 3821 147 2255 1157 3337 926
2499 658 3370 791 2127 1692 1891 1046
1410 307 3162 367 2120 1729 1514 579
2990 214 3938 516 1286 613 408 1568
3646 1018 2741 1583 997 248 923 374
3394 1028 2330 741 2332 1326 3669 287
1779 90 3918 1088 2098 1478 2422 1332
1058 372 1794 1589 2449 862 2841 1748
2933 1459 2929 485 1018 1427 950 1605
3099 173 3453 1998 3086 9 3488 383
2178 978 896 705 3255 673 3301 1898
138 1610 399 850 2151 754 2701 897
2082 1753 2614 195 3451 831 3502 1336
2302 1127 2800 653 1544 1753 227 425
805 272 2630 20 257 1724 3705 1745
22 1617 563 1513 3382 743 1833 1781
3213 1085 1090 1652 726 1572 3121 649
99 536 2009 1163 1660 1782 2499 1755
1533 1780 3876 1165 195 1225 402 1642
3564 676 3084 774 536 1682 664 1180
29 6 1526 1612 1192 1803 2995 42
3808 1375 1612 328 1761 324 2059 1337
2221 291 1423 1322 1824 31 3507 494
3499 1885 3058 1276 1962 924 98 957
3124 408 3782 1865 3168 1086 2457 1536
781 671 347 252 3524 1011 914 1141
1027 1041 3904 1444 227 1048 3282 498
3249 378 2191 1579 633 1056 27 1118
3297 491 3220 1454 2672 1738 818 1028
213 220 468 319 1581 691 3096 1751
721 186 3611 1968 1032 1958 2471 90
3736 1542 3114 1629 3394 165 371 192
868 731 3515 1892 506 1321 1472 1619
960 303 3060 155 3210 1042 3579 363
1380 939 2995 264 3637 240 2158 218
2848 96 202 233 1472 960 3610 1213
3510 1671 981 848 3251 107 1303 321
457 334 1346 408 1225 1296 1725 360
3888 666 781 670 522 643 192 652
984 965 1009 1001 1618 395 1679 1879
2721 1482 2927 1777 2843 1383 52 594
1286 525 2982 949 995 1706 222 742
2716 1432 555 1121 2320 1659 1694 1404
738 1325 464 1302 1408 354 1061 1817
1251 1832 3452 637 2092 1900 1401 1030
2728 1698 571 1982 949 1970 154 1810
3815 169 2656 128 1276 604 2609 461
3683 1533 1623 1723 2962 7 3169 734
1247 1945 2067 694 516 592 2582 1815
123 862 1725 927 3698 1380 1933 894
1234 1946 3600 459 3767 671 3496 987
252 1240 1109 1196 2326 1502 276 649
611 673 366 339 3181 250 1448 1599
2576 1676 778 1282 1034 70 2309 1961
928 1700 386 1616 797 1610 2065 1262
53 857 3918 1217 1278 470 22 1004
1807 1711 3332 1049 535 834 826 1902
274 1420 2597 349 265 307 735 1610
2574 946 811 1295 3597 1894 1337 1766
178 24 241 1069 700 1739 391 1898
2678 1825 2658 360 2240 184 549 261
1795 962 394 1944 445 448 1851 1108
3384 1498 3786 1862 2921 43 697 416
3520 1079 264 36 2267 1110 1333 1400
1256 61 2050 1833 1099 1842 251 1045
1424 1728 3538 125 1607 597 1290 1243
3913 192 1646 1817 3053 364 3232 1460
3085 1528 2993 624 1844 1118 1088 1379
2573 1969 547 25 2870 1473 2685 1530
463 1670 3373 1902 1452 1306 1441 275
3875 598 460 267 439 976 3140 1156
298 1513 3060 781 1910 1227 1666 1369
3479 821 1828 456 1221 1269 367 775
2542 236 1021 962 1872 993 1098 403
3955 1743 2347 388 523 426 2740 795
1323 280 3535 1112 2489 1169 2052 404
3447 1830 1529 581 3751 736 3222 1040
2936 337 1203 385 991 679 3918 222
1621 1830 1787 1902 2594 157 3492 371
3373 1646 2740 1101 2358 87 3371 714
1393 1368 555 1753 723 1203 2500 21
3874 1318 47 363 3177 1933 1975 177
938 955 3935 540 969 1538 113 1730
3022 474 3062 329 3944 1654 25 1600
2482 1183 387 199 1339 1344 477 986
3854 923 2901 920 642 1099 1070 1059
376 825 931 512 1580 843 2260 1387
2519 135 1766 692 2920 1152 815 1724
2945 1622 401 980 1612 1714 2632 529
953 268 149 1629 1170 1732 3299 1712
2628 1479 2214 1977 2020 1843 910 1023
2097 981 3805 1619 2586 1653 3559 1639
890 1846 1179 969 2784 476 427 723
2139 1806 1017 333 3609 614 342 1749
2421 1007 2834 1512 1356 686 1085 218
2290 1810 634 294 310 1256 3525 1901
1115 1052 1819 814 3636 10 3297 1441
2588 302 1393 859 3653 1904 1386 697
327 265 1768 1578 273 1660 2803 1038
241 341 3023 871 3594 223 916 1834
1917 687 3248 1906 3467 203 1581 382
2991 792 1632 1742 2834 1504 3828 1157
2573 599 2223 990 3961 1695 3370 188
19 674 3868 697 3767 351 1579 1594
3911 1673 1541 354 138 936 244 396
872 1559 2374 1944 1955 293 1935 507
2863 558 1962 389 3205 271 3344 1733
929 1766 3007 1524 2023 1924 3452 459
839 620 3220 1945 2082 1959 2988 1824
3893 102 2356 1568 3952 1221 2867 435
2178 1619 1604 706 873 579 1960 520
3822 899 2028 1736 3660 1415 2362 1154
378 1048 2581 121 2955 13 741 983
1178 100 2221 1578 1561 457 2808 1554
2599 901 2944 632 1851 966 2027 413
3416 143 1082 1561 190 296 1862 65
2961 1605 997 942 80 1188 2228 1370
611 1384 2334 523 3776 1909 946 1140
3113 885 1264 1090 3992 336 2712 1325
2597 1830 1699 1294 1811 881 110 1639
2586 1286 235 1059 754 1691 3427 1506
161 906 2592 248 610 1971 3634 161
1429 134 3642 699 2638 900 768 1540
742 1025 3599 514 2950 1143 1522 1905
1625 1651 1766 678 1069 1922 2594 1883
1187 706 240 619 1511 1867 3913 1134
1787 1009 1272 246 1072 1942 1 1595
22 987 3503 301 1809 1970 714 420
3640 43 80 1533 2487 1009 2338 1119
3756 882 1677 1238 3274 860 3927 474
776 392 3766 154 1908 454 85 841
1724 1642 3946 459 1876 254 2635 737
198 1810 1994 1852 759 1338 2616 384
3950 1558 278 165 1763 231 3426 821
0 62 3181 1849 3864 1972 3615 892
3444 405 719 817 1266 1958 3750 1896
1091 1343 397 944 1636 1942 3923 1083
1274 323 489 939 1557 1638 3792 1627
1488 851 3148 8 2825 1479 831 278
328 949 556 1606 3518 320 3775 644
282 1681 176 1854 333 111 3285 1662
238 586 1670 1753 2827 287 2651 347
3669 735 2425 1347 711 1477 2406 222
3098 655 2504 597 2160 1168 1901 67
2790 1688 2430 240 2977 1172 3367 1727
2871 613 3740 1232 2898 836 1412 372
650 658 31 1836 3039 259 1378 18
1864 493 2462 1984 1583 219 1423 1759
3302 558 1609 1454 1917 218 1658 1446
1927 298 531 720 537 1960 1533 288
3497 574 1023 1155 813 1362 2387 1738
3091 1952 3641 1867 2210 1902 2937 185
1970 1775 3455 1712 3626 1385 3452 476
3309 40 732 322 114 1369 932 367
564 287 2322 1278 3095 1955 960 72
2003 43 2462 999 3870 1747 1922 2
2371 19 467 737 3733 395 335 1245
3097 1301 2408 1215 3491 909 1103 458
3081 1416 3804 189 862 1937 2985 658
2230 412 1702 1649 589 1373 3878 102
2724 1185 608 1547 1630 1029 2589 1465
3821 1288 2775 77 2756 79 1131 8
3993 487 637 723 1506 1044 3540 82
2704 591 2900 610 3378 1741 165 169
343 1544 1272 1351 1218 687 2048 1081
1981 1763 3228 1653 467 1523 809 257
2039 1146 865 533 1885 377 288 368
3812 1369 1996 308 913 220 910 640
1354 15 485 1576 799 269 350 862
2821 1977 1605 1430 3545 457 1350 1232
3096 1499 242 1175 1681 1301 187 1267
790 287 237 59 3785 1678 365 775
3654 1568 1378 1025 3186 21 2787 519
2357 1729 3721 452 3579 102 3648 144
2757 575 2322 325 69 260 197 1775
374 1257 2320 1430 3099 21 286 1234
1120 1754 1887 146 2273 1066 657 1819
644 546 2133 252 1098 1046 3077 1309
2174 1921 3794 1121 3784 320 3455 133
697 314 1794 1745 3339 383 2340 881
1072 354 1721 443 2843 1481 2656 1255
2307 996 2168 1908 2493 1639 3343 670
1140 311 1063 624 2535 543 2095 535
2439 1479 1709 1698 3981 797 1077 526
2985 160 2572 997 1372 1897 1055 955
305 119 3195 1230 3994 1300 3601 1160
426 1591 2094 1412 910 1818 1593 1197
3223 763 2508 1103 2565 443 3594 417
2448 873 1571 120 1805 1498 317 41
2963 987 3150 67 1231 859 2161 848
1365 1637 3493 289 1432 1870 1663 1756
3268 282 1186 764 2282 75 1847 1096
373 134 2005 135 3842 1814 2412 2
241 387 2305 1741 950 721 1372 1877
2691 454 841 133 3549 579 1045 753
2281 508 1678 472 3341 827 3805 890
1463 1674 1276 1276 765 848 3994 1010
1258 629 2299 603 655 1963 2582 1197
2625 1384 287 853 1448 1517 3866 41
3611 637 514 1126 2924 532 2403 381
1914 592 110 713 153 424 1373 1433
3066 1481 402 1723 964 1756 1339 1023
2207 1447 3376 1482 3765 199 914 129
1646 1084 3715 978 3109 1038 1352 1530
2383 1761 1020 709 1418 1920 357 896
2675 224 3047 692 688 905 3287 464
1886 807 1141 1395 1075 939 925 1480
459 107 2942 5 1354 373 3878 1146
2194 1346 16 1896 544 467 3197 258
322 1843 2599 1558 1893 1249 1867 1729
3354 1362 1435 644 2521 1006 782 489
3708 554 2895 404 962 478 1319 1945
2803 1468 3566 1675 1067 32 2976 1828
1999 1327 1379 886 397 1132 3805 1654
632 460 1519 1423 154 158 777 1861
3786 729 3960 1214 900 841 2244 36
506 1973 2809 1746 2706 1914 1530 1896
1225 108 2938 1940 1928 356 1210 71
407 1733 1898 662 3465 1737 3837 300
2217 1394 107 1064 986 1744 915 666
402 1337 1011 758 206 1826 2135 489
66 619 2579 990 2909 966 3831 1778
3617 1070 1405 1739 996 10 2106 545
1308 884 43 1040 332 177 1930 939
3602 694 2283 89 3564 1794 1823 379
1415 975 1134 1752 3042 1093 663 1088
286 1701 1540 1319 3543 1224 615 905
3041 360 3604 1684 329 1293 169 1678
3691 987 1534 748 340 1267 3554 1436
510 1784 1982 1936 3210 1704 1247 744
1612 415 53 1321 1228 1107 2325 383
3228 1174 1408 114 3439 225 976 1840
439 1246 3689 1398 3977 1824 1506 1550
3710 1081 3328 1942 2411 1821 719 481
585 1227 2919 1179 795 497 1106 1180
3848 1166 1390 1170 620 446 1600 223
1789 1252 373 1678 1803 117 2541 1339
1491 862 3545 798 840 903 1574 128
3789 1739 225 1199 3455 689 3171 262
2030 1422 3259 1305 183 1589 3849 1970
1732 1983 1279 1154 3339 678 938 789
3733 1246 1650 537 2209 641 1389 1938
1912 974 3455 504 1625 1993 3815 1566
3964 1982 2949 1062 2022 832 2494 880
2186 295 3351 1533 103 1653 804 955
3030 1015 907 70 2121 1813 581 1490
1609 98 3985 1087 446 699 1877 427
2588 370 3992 235 1071 9 2696 215
2229 1466 2174 1894 3996 335 51 385
68 1632 1302 386 3041 357 988 269
2983 1023 1977 1042 1081 814 83 1193
1525 955 151 1324 438 283 1265 1166
2628 134 3645 1229 2177 1666 3728 1352
375 787 3236 639 1491 61 3348 1702
1640 1537 2503 853 679 483 1741 1232
2453 1367 2353 860 15 1020 403 1501
2027 746 1222 1557 3158 1630 1936 259
2811 1625 2580 1787 1944 655 3957 1043
991 75 3905 313 1769 1713 1163 245
724 1542 3867 353 444 920 124 667
3371 1629 1416 1644 3669 126 2297 966
310 602 3982 1850 2803 995 352 1604
2811 97 2418 67 787 1756 1426 610
1228 1390 3733 869 2291 880 2426 1309
2589 695 1527 1367 1028 1458 2982 1968
872 1966 420 800 2347 586 27 1064
40 107 1036 1781 2458 280 1934 357
2512 1085 442 1227 2795 102 1730 1243
3520 759 3644 693 3780 412 2436 1185
807 863 3006 1072 1528 955 2724 1210
3837 1283 2626 934 78 1442 1136 14
1146 1988 3867 1824 3110 1587 3151 407
3097 493 881 1280 2106 1418 2619 1592
2226 1065 1044 1700 2984 795 3706 1302
891 744 3298 236 2328 1178 1496 1476
341 185 1442 84 2234 616 1124 1792
2775 997 3874 711 3916 142 991 554
2782 1327 330 79 3784 542 1796 125
968 436 2024 1669 3566 652 3304 897
2817 659 2591 1530 2657 681 925 1500
2209 0 3520 1350 3117 1387 2256 1725
1665 368 3710 1350 3347 1319 3759 429
2719 1640 2499 1161 690 1079 471 484
3918 79 1407 489 2312 1852 2052 569
3186 1683 1970 1822 2082 1244 1445 264
1841 477 1883 1415 1730 1560 1335 70
1737 1113 3265 1871 1203 930 3055 1436
982 221 1586 411 1513 1453 2824 340
3804 132 3871 1115 3235 122 720 808
547 1741 2459 1572 3127 1881 3022 1817
857 846 74 114 359 1940 2768 1877
2955 11 3600 1818 3913 187 304 976
2901 405 3860 1316 834 365 2609 485
31 902 1258 778 3841 1425 1835 1826
2714 1456 506 1900 1664 838 2095 1281
261 191 2132 1884 1763 287 964 105
2734 1239 2302 962 1495 709 2379 436
2547 838 3870 1531 15 1181 1310 1609
548 1190 2837 101 1292 720 2432 1081
2916 613 1753 1627 687 1547 3850 263
1913 1368 1288 1024 1218 1684 1298 72
1593 669 1456 1390 3140 242 1739 970
3255 571 3156 249 1897 174 2282 782
2900 158 2856 737 3059 13 2784 1701
2574 1476 872 1510 557 1222 3427 1932
1406 483 806 102 275 86 3027 1876
2696 650 2731 948 1734 1609 407 1148
769 1276 1826 26 3645 406 1848 492
3814 1770 3567 695 3940 358 678 23
706 698 639 373 3880 1255 318 179
3249 902 3628 922 868 1763 1939 850
527 1158 1483 1501 189 1654 1010 844
1370 1180 3082 979 152 496 3889 1400
682 37 2163 248 2596 1058 3746 576
1615 730 579 680 2670 1872 3451 595
738 1524 3749 62 2080 1613 800 701
1546 181 1323 1366 1994 1454 2368 1205
1242 138 1877 1126 3610 1184 3471 600
872 607 1093 808 3225 50 2186 1972
1898 1048 586 827 1775 740 2782 1423
1394 1245 1625 569 1637 1293 2407 576
1499 780 2626 1396 3448 1927 2894 1505
2780 833 1831 892 446 1963 2803 49
2049 393 3174 84 2371 1449 2161 987
3144 912 2252 742 1127 288 68 1523
515 1741 2904 1698 93 1037 1917 904
2335 1929 1220 1056 550 1765 2270 1683
647 1885 1336 1859 2661 479 1820 554
2886 1495 2135 1833 2382 1333 2496 66
2296 1280 412 1810 3703 1778 2722 627
574 639 318 130 288 256 803 1885
2681 1803 1226 124 710 920 2170 1633
1495 396 2864 568 665 475 198 656
1030 1238 1860 1161 457 613 2818 1378
640 342 2716 1543 200 985 3010 292
3248 1511 566 1604 2146 634 3093 670
1851 1316 2947 1483 2783 1784 232 1217
3191 1646 2126 169 2765 895 3813 1632
1854 1637 60 899 1071 1861 1594 1205
2310 1168 2433 1872 983 39 1764 1891
1727 1548 2041 1247 392 598 1579 1302
1551 193 1992 315 877 542 2326 349
3213 342 3323 140 2019 906 585 584
2169 192 3261 956 2618 472 778 762
3291 1656 2683 470 2869 1551 2699 562
3439 120 1627 1939 2722 51 1398 585
2246 523 1226 1736 1222 1003 3043 1583
1949 545 2441 34 1883 151 3636 1645
3682 288 3637 1547 1195 165 836 656
1441 110 3783 941 3670 469 484 1369
1915 1956 2883 1764 2555 426 1825 1311
3118 1179 1660 1648 2064 1989 1814 537
1184 1093 1573 258 2090 207 3446 911
3361 10 3307 1070 2471 1313 709 1871
108 1856 135 1744 131 894 127 623
2797 1295 3301 1701 2614 1352 3720 818
3847 256 3025 1667 1697 1257 2969 402
3649 1413 2154 1478 3308 1446 93 1854
3381 1236 3136 1604 972 987 2911 1243
1311 1236 88 1582 3403 376 3794 1632
2358 672 1602 1153 782 381 1929 346
1082 1849 3668 409 2720 357 1820 660
950 1882 1190 1775 1283 1370 3537 842
3996 992 3989 405 3722 240 1155 765
3148 735 450 562 312 1437 2366 426
2693 615 2101 1006 3204 91 3844 1396
2935 1963 837 399 295 1158 2513 1585
1253 342 2359 1386 3418 1463 2839 571
1772 1759 3962 1481 191 407 1786 1408
1951 224 3387 1243 1795 777 1072 1304
2849 261 1189 1671 763 1105 520 709
2850 610 1343 335 793 340 3390 105
515 18 2740 1644 1051 804 1565 21
3189 1475 1169 1985 2377 1481 1443 599
343 1024 2515 1308 3709 1824 2128 1781
2482 60 522 280 944 836 684 994
2265 1418 3803 457 408 496 3883 1345
288 157 66 1172 445 1300 3724 689
198 1447 76 1132 946 1039 1145 1011
571 899 2814 211 2990 605 2057 1407
629 783 2052 1653 3502 1384 2152 1472
1601 1370 2205 125 1382 979 644 1794
3565 1781 3215 792 587 1519 2877 1809
1322 1919 3617 1955 3679 679 3035 75
2302 1783 979 1065 2871 952 796 592
1137 1476 985 1985 1447 1094 1297 1956
3458 58 3688 597 980 451 2067 278
30 757 3216 1166 2531 1670 2048 753
1680 1467 2629 1535 2162 1304 3952 263
3988 1671 2107 265 3274 607 552 190
498 1452 1254 1485 744 149 3533 1039
632 1784 2422 451 1552 1845 1179 1051
3731 1438 2806 933 2130 1378 2389 145
2013 1188 3846 1538 3110 948 2987 570
2904 254 2508 114 2571 1386 1604 487
3511 1612 1478 612 270 546 3358 714
3109 1642 3542 1316 3700 1008 2089 750
3761 118 574 244 2698 55 1170 247
2735 482 968 1071 2937 352 2321 1318
3555 235 2203 24 1447 1310 2827 806
3525 788 2802 1203 3740 988 3005 259
2656 1860 1531 1624 2397 135 268 1401
380 1109 2412 218 1112 1943 3468 593
2456 1788 1391 122 2932 1952 20 1603
1360 1390 1447 978 1803 890 3185 495
3425 1196 854 779 1520 688 1693 892
1306 1920 3462 1155 837 1744 3763 1577
3271 937 3463 1028 659 432 1580 223
1537 1436 3445 1414 163 1730 3809 1712
2777 1989 2845 1852 185 467 1727 1799
1045 1991 3421 807 1105 1436 3164 1566
3219 887 360 1299 94 356 627 21
1633 678 1331 1331 2658 1313 1700 250
333 508 2497 1339 2477 1371 1823 640
2437 795 1360 143 2698 1534 320 53
744 1021 2695 1790 3946 718 397 685
251 1555 2919 370 1099 1955 3789 739
3809 378 1269 1520 849 1131 3392 1190
1123 1932 2451 13 3923 517 2999 981
812 161 2151 1657 1259 1277 2475 462
1632 732 3263 893 2391 779 3727 1735
439 1152 2106 19 2977 1562 1056 648
3290 1487 1557 114 1471 1207 1764 1858
2473 1454 1129 478 529 1335 1297 0
527 1268 1866 1017 2966 181 1806 211
2660 513 3712 1489 709 1680 1109 1681
3658 1006 63 1081 2722 456 230 1973
659 885 1647 494 208 1045 1035 1828
3312 1413 1144 759 2277 1628 3792 1985
40 95 2080 1417 2421 561 222 1926
3724 1106 3966 1697 2555 153 414 1262
2244 1415 1485 984 2973 1734 1828 946
1355 20 2133 1320 806 1366 261 1387
1459 936 3256 62 3077 513 2916 1890
