3 500
1357 1905 3140 1401 2765 1418
2650 802 556 1056 1611 1946
1774 107 3675 1522 3245 1956
1307 964 1182 1853 2147 1032
3806 746 3595 111 1176 318
2687 1353 962 1895 2252 299
43 1957 2030 1186 1349 352
3092 1668 3507 1851 3575 1049
185 1542 2642 1269 920 916
834 629 3438 901 1408 388
40 462 3858 1472 1674 478
1183 1391 2937 1568 292 1296
2048 1628 376 1018 808 1658
1097 643 839 1355 1184 321
1838 1732 706 1925 2689 1176
234 1118 749 920 1237 876
3314 1881 298 615 1433 911
737 1285 694 552 3366 594
779 777 387 190 1722 1780
2312 1949 2801 695 1850 1737
2576 189 3133 1143 1967 409
3078 1541 1517 266 1125 467
2781 478 1538 224 749 1940
705 1812 844 520 313 378
3409 1917 2639 1239 2884 1926
323 1714 3123 217 695 1452
1660 1556 2489 1520 150 1060
3729 1188 3834 1827 1093 1491
693 1383 3417 1808 1597 1920
2361 640 2938 543 844 1151
2433 1538 71 1323 267 899
554 1825 3245 1828 596 409
913 317 731 1741 946 1995
3586 1909 2312 1270 1119 1127
2636 727 2426 1851 1179 1083
1000 457 380 478 2647 1534
482 1337 2310 635 480 39
3704 1082 2830 775 1629 1256
3635 1174 3829 513 1274 1604
1362 1526 3684 445 3465 763
2049 417 171 514 3346 1776
2552 1909 627 1261 1457 37
3939 640 1490 1123 630 1490
219 898 61 81 2961 1021
812 351 422 542 2152 1190
901 1552 2698 1221 2258 90
2513 1572 2372 127 919 1769
242 584 177 1390 2808 1753
826 1226 3084 748 235 202
3278 799 1213 910 90 1858
86 1065 3 1817 1623 1792
14 454 1782 995 2670 710
1327 1893 3896 742 3337 345
2773 1286 1829 812 2027 1783
2469 1838 1286 550 2888 1677
3835 963 3017 108 1352 1033
1031 428 2132 1432 1817 1142
3853 1712 2000 1110 3868 381
1868 197 3317 1966 2953 170
1544 863 1729 1498 2240 695
457 1607 2408 1747 584 994
3174 1064 3292 152 546 1556
192 1004 193 1210 1263 1814
2318 1925 782 1462 500 370
2232 1374 2503 352 3093 643
396 828 1697 1924 3565 987
2365 1649 3821 147 2255 1157
2499 658 3370 791 2127 1692
1410 307 3162 367 2120 1729
2990 214 3938 516 1286 613
3646 1018 2741 1583 997 248
3394 1028 2330 741 2332 1326
1779 90 3918 1088 2098 1478
1058 372 1794 1589 2449 862
2933 1459 2929 485 1018 1427
3099 173 3453 1998 3086 9
2178 978 896 705 3255 673
138 1610 399 850 2151 754
2082 1753 2614 195 3451 831
2302 1127 2800 653 1544 1753
805 272 2630 20 257 1724
22 1617 563 1513 3382 743
3213 1085 1090 1652 726 1572
99 536 2009 1163 1660 1782
1533 1780 3876 1165 195 1225
3564 676 3084 774 536 1682
29 6 1526 1612 1192 1803
3808 1375 1612 328 1761 324
2221 291 1423 1322 1824 31
3499 1885 3058 1276 1962 924
3124 408 3782 1865 3168 1086
781 671 347 252 3524 1011
1027 1041 3904 1444 227 1048
3249 378 2191 1579 633 1056
3297 491 3220 1454 2672 1738
213 220 468 319 1581 691
721 186 3611 1968 1032 1958
3736 1542 3114 1629 3394 165
868 731 3515 1892 506 1321
960 303 3060 155 3210 1042
1380 939 2995 264 3637 240
2848 96 202 233 1472 960
3510 1671 981 848 3251 107
457 334 1346 408 1225 1296
3888 666 781 670 522 643
984 965 1009 1001 1618 395
2721 1482 2927 1777 2843 1383
1286 525 2982 949 995 1706
2716 1432 555 1121 2320 1659
738 1325 464 1302 1408 354
1251 1832 3452 637 2092 1900
2728 1698 571 1982 949 1970
3815 169 2656 128 1276 604
3683 1533 1623 1723 2962 7
1247 1945 2067 694 516 592
123 862 1725 927 3698 1380
1234 1946 3600 459 3767 671
252 1240 1109 1196 2326 1502
611 673 366 339 3181 250
2576 1676 778 1282 1034 70
928 1700 386 1616 797 1610
53 857 3918 1217 1278 470
1807 1711 3332 1049 535 834
274 1420 2597 349 265 307
2574 946 811 1295 3597 1894
178 24 241 1069 700 1739
2678 1825 2658 360 2240 184
1795 962 394 1944 445 448
3384 1498 3786 1862 2921 43
3520 1079 264 36 2267 1110
1256 61 2050 1833 1099 1842
1424 1728 3538 125 1607 597
3913 192 1646 1817 3053 364
3085 1528 2993 624 1844 1118
2573 1969 547 25 2870 1473
463 1670 3373 1902 1452 1306
3875 598 460 267 439 976
298 1513 3060 781 1910 1227
3479 821 1828 456 1221 1269
2542 236 1021 962 1872 993
3955 1743 2347 388 523 426
1323 280 3535 1112 2489 1169
3447 1830 1529 581 3751 736
2936 337 1203 385 991 679
1621 1830 1787 1902 2594 157
3373 1646 2740 1101 2358 87
1393 1368 555 1753 723 1203
3874 1318 47 363 3177 1933
938 955 3935 540 969 1538
3022 474 3062 329 3944 1654
2482 1183 387 199 1339 1344
3854 923 2901 920 642 1099
376 825 931 512 1580 843
2519 135 1766 692 2920 1152
2945 1622 401 980 1612 1714
953 268 149 1629 1170 1732
2628 1479 2214 1977 2020 1843
2097 981 3805 1619 2586 1653
890 1846 1179 969 2784 476
2139 1806 1017 333 3609 614
2421 1007 2834 1512 1356 686
2290 1810 634 294 310 1256
1115 1052 1819 814 3636 10
2588 302 1393 859 3653 1904
327 265 1768 1578 273 1660
241 341 3023 871 3594 223
1917 687 3248 1906 3467 203
2991 792 1632 1742 2834 1504
2573 599 2223 990 3961 1695
19 674 3868 697 3767 351
3911 1673 1541 354 138 936
872 1559 2374 1944 1955 293
2863 558 1962 389 3205 271
929 1766 3007 1524 2023 1924
839 620 3220 1945 2082 1959
3893 102 2356 1568 3952 1221
2178 1619 1604 706 873 579
3822 899 2028 1736 3660 1415
378 1048 2581 121 2955 13
1178 100 2221 1578 1561 457
2599 901 2944 632 1851 966
3416 143 1082 1561 190 296
2961 1605 997 942 80 1188
611 1384 2334 523 3776 1909
3113 885 1264 1090 3992 336
2597 1830 1699 1294 1811 881
2586 1286 235 1059 754 1691
161 906 2592 248 610 1971
1429 134 3642 699 2638 900
742 1025 3599 514 2950 1143
1625 1651 1766 678 1069 1922
1187 706 240 619 1511 1867
1787 1009 1272 246 1072 1942
22 987 3503 301 1809 1970
3640 43 80 1533 2487 1009
3756 882 1677 1238 3274 860
776 392 3766 154 1908 454
1724 1642 3946 459 1876 254
198 1810 1994 1852 759 1338
3950 1558 278 165 1763 231
0 62 3181 1849 3864 1972
3444 405 719 817 1266 1958
1091 1343 397 944 1636 1942
1274 323 489 939 1557 1638
1488 851 3148 8 2825 1479
328 949 556 1606 3518 320
282 1681 176 1854 333 111
238 586 1670 1753 2827 287
3669 735 2425 1347 711 1477
3098 655 2504 597 2160 1168
2790 1688 2430 240 2977 1172
2871 613 3740 1232 2898 836
650 658 31 1836 3039 259
1864 493 2462 1984 1583 219
3302 558 1609 1454 1917 218
1927 298 531 720 537 1960
3497 574 1023 1155 813 1362
3091 1952 3641 1867 2210 1902
1970 1775 3455 1712 3626 1385
3309 40 732 322 114 1369
564 287 2322 1278 3095 1955
2003 43 2462 999 3870 1747
2371 19 467 737 3733 395
3097 1301 2408 1215 3491 909
3081 1416 3804 189 862 1937
2230 412 1702 1649 589 1373
2724 1185 608 1547 1630 1029
3821 1288 2775 77 2756 79
3993 487 637 723 1506 1044
2704 591 2900 610 3378 1741
343 1544 1272 1351 1218 687
1981 1763 3228 1653 467 1523
2039 1146 865 533 1885 377
3812 1369 1996 308 913 220
1354 15 485 1576 799 269
2821 1977 1605 1430 3545 457
3096 1499 242 1175 1681 1301
790 287 237 59 3785 1678
3654 1568 1378 1025 3186 21
2357 1729 3721 452 3579 102
2757 575 2322 325 69 260
374 1257 2320 1430 3099 21
1120 1754 1887 146 2273 1066
644 546 2133 252 1098 1046
2174 1921 3794 1121 3784 320
697 314 1794 1745 3339 383
1072 354 1721 443 2843 1481
2307 996 2168 1908 2493 1639
1140 311 1063 624 2535 543
2439 1479 1709 1698 3981 797
2985 160 2572 997 1372 1897
305 119 3195 1230 3994 1300
426 1591 2094 1412 910 1818
3223 763 2508 1103 2565 443
2448 873 1571 120 1805 1498
2963 987 3150 67 1231 859
1365 1637 3493 289 1432 1870
3268 282 1186 764 2282 75
373 134 2005 135 3842 1814
241 387 2305 1741 950 721
2691 454 841 133 3549 579
2281 508 1678 472 3341 827
1463 1674 1276 1276 765 848
1258 629 2299 603 655 1963
2625 1384 287 853 1448 1517
3611 637 514 1126 2924 532
1914 592 110 713 153 424
3066 1481 402 1723 964 1756
2207 1447 3376 1482 3765 199
1646 1084 3715 978 3109 1038
2383 1761 1020 709 1418 1920
2675 224 3047 692 688 905
1886 807 1141 1395 1075 939
459 107 2942 5 1354 373
2194 1346 16 1896 544 467
322 1843 2599 1558 1893 1249
3354 1362 1435 644 2521 1006
3708 554 2895 404 962 478
2803 1468 3566 1675 1067 32
1999 1327 1379 886 397 1132
632 460 1519 1423 154 158
3786 729 3960 1214 900 841
506 1973 2809 1746 2706 1914
1225 108 2938 1940 1928 356
407 1733 1898 662 3465 1737
2217 1394 107 1064 986 1744
402 1337 1011 758 206 1826
66 619 2579 990 2909 966
3617 1070 1405 1739 996 10
1308 884 43 1040 332 177
3602 694 2283 89 3564 1794
1415 975 1134 1752 3042 1093
286 1701 1540 1319 3543 1224
3041 360 3604 1684 329 1293
3691 987 1534 748 340 1267
510 1784 1982 1936 3210 1704
1612 415 53 1321 1228 1107
3228 1174 1408 114 3439 225
439 1246 3689 1398 3977 1824
3710 1081 3328 1942 2411 1821
585 1227 2919 1179 795 497
3848 1166 1390 1170 620 446
1789 1252 373 1678 1803 117
1491 862 3545 798 840 903
3789 1739 225 1199 3455 689
2030 1422 3259 1305 183 1589
1732 1983 1279 1154 3339 678
3733 1246 1650 537 2209 641
1912 974 3455 504 1625 1993
3964 1982 2949 1062 2022 832
2186 295 3351 1533 103 1653
3030 1015 907 70 2121 1813
1609 98 3985 1087 446 699
2588 370 3992 235 1071 9
2229 1466 2174 1894 3996 335
68 1632 1302 386 3041 357
2983 1023 1977 1042 1081 814
1525 955 151 1324 438 283
2628 134 3645 1229 2177 1666
375 787 3236 639 1491 61
1640 1537 2503 853 679 483
2453 1367 2353 860 15 1020
2027 746 1222 1557 3158 1630
2811 1625 2580 1787 1944 655
991 75 3905 313 1769 1713
724 1542 3867 353 444 920
3371 1629 1416 1644 3669 126
310 602 3982 1850 2803 995
2811 97 2418 67 787 1756
1228 1390 3733 869 2291 880
2589 695 1527 1367 1028 1458
872 1966 420 800 2347 586
40 107 1036 1781 2458 280
2512 1085 442 1227 2795 102
3520 759 3644 693 3780 412
807 863 3006 1072 1528 955
3837 1283 2626 934 78 1442
1146 1988 3867 1824 3110 1587
3097 493 881 1280 2106 1418
2226 1065 1044 1700 2984 795
891 744 3298 236 2328 1178
341 185 1442 84 2234 616
2775 997 3874 711 3916 142
2782 1327 330 79 3784 542
968 436 2024 1669 3566 652
2817 659 2591 1530 2657 681
2209 0 3520 1350 3117 1387
1665 368 3710 1350 3347 1319
2719 1640 2499 1161 690 1079
3918 79 1407 489 2312 1852
3186 1683 1970 1822 2082 1244
1841 477 1883 1415 1730 1560
1737 1113 3265 1871 1203 930
982 221 1586 411 1513 1453
3804 132 3871 1115 3235 122
547 1741 2459 1572 3127 1881
857 846 74 114 359 1940
2955 11 3600 1818 3913 187
2901 405 3860 1316 834 365
31 902 1258 778 3841 1425
2714 1456 506 1900 1664 838
261 191 2132 1884 1763 287
2734 1239 2302 962 1495 709
2547 838 3870 1531 15 1181
548 1190 2837 101 1292 720
2916 613 1753 1627 687 1547
1913 1368 1288 1024 1218 1684
1593 669 1456 1390 3140 242
3255 571 3156 249 1897 174
2900 158 2856 737 3059 13
2574 1476 872 1510 557 1222
1406 483 806 102 275 86
2696 650 2731 948 1734 1609
769 1276 1826 26 3645 406
3814 1770 3567 695 3940 358
706 698 639 373 3880 1255
3249 902 3628 922 868 1763
527 1158 1483 1501 189 1654
1370 1180 3082 979 152 496
682 37 2163 248 2596 1058
1615 730 579 680 2670 1872
738 1524 3749 62 2080 1613
1546 181 1323 1366 1994 1454
1242 138 1877 1126 3610 1184
872 607 1093 808 3225 50
1898 1048 586 827 1775 740
1394 1245 1625 569 1637 1293
1499 780 2626 1396 3448 1927
2780 833 1831 892 446 1963
2049 393 3174 84 2371 1449
3144 912 2252 742 1127 288
515 1741 2904 1698 93 1037
2335 1929 1220 1056 550 1765
647 1885 1336 1859 2661 479
2886 1495 2135 1833 2382 1333
2296 1280 412 1810 3703 1778
574 639 318 130 288 256
2681 1803 1226 124 710 920
1495 396 2864 568 665 475
1030 1238 1860 1161 457 613
640 342 2716 1543 200 985
3248 1511 566 1604 2146 634
1851 1316 2947 1483 2783 1784
3191 1646 2126 169 2765 895
1854 1637 60 899 1071 1861
2310 1168 2433 1872 983 39
1727 1548 2041 1247 392 598
1551 193 1992 315 877 542
3213 342 3323 140 2019 906
2169 192 3261 956 2618 472
3291 1656 2683 470 2869 1551
3439 120 1627 1939 2722 51
2246 523 1226 1736 1222 1003
1949 545 2441 34 1883 151
3682 288 3637 1547 1195 165
1441 110 3783 941 3670 469
1915 1956 2883 1764 2555 426
3118 1179 1660 1648 2064 1989
1184 1093 1573 258 2090 207
3361 10 3307 1070 2471 1313
108 1856 135 1744 131 894
2797 1295 3301 1701 2614 1352
3847 256 3025 1667 1697 1257
3649 1413 2154 1478 3308 1446
3381 1236 3136 1604 972 987
1311 1236 88 1582 3403 376
2358 672 1602 1153 782 381
1082 1849 3668 409 2720 357
950 1882 1190 1775 1283 1370
3996 992 3989 405 3722 240
3148 735 450 562 312 1437
2693 615 2101 1006 3204 91
2935 1963 837 399 295 1158
1253 342 2359 1386 3418 1463
1772 1759 3962 1481 191 407
1951 224 3387 1243 1795 777
2849 261 1189 1671 763 1105
2850 610 1343 335 793 340
515 18 2740 1644 1051 804
3189 1475 1169 1985 2377 1481
343 1024 2515 1308 3709 1824
2482 60 522 280 944 836
2265 1418 3803 457 408 496
288 157 66 1172 445 1300
198 1447 76 1132 946 1039
571 899 2814 211 2990 605
629 783 2052 1653 3502 1384
1601 1370 2205 125 1382 979
3565 1781 3215 792 587 1519
1322 1919 3617 1955 3679 679
2302 1783 979 1065 2871 952
1137 1476 985 1985 1447 1094
3458 58 3688 597 980 451
30 757 3216 1166 2531 1670
1680 1467 2629 1535 2162 1304
3988 1671 2107 265 3274 607
498 1452 1254 1485 744 149
632 1784 2422 451 1552 1845
3731 1438 2806 933 2130 1378
2013 1188 3846 1538 3110 948
2904 254 2508 114 2571 1386
3511 1612 1478 612 270 546
3109 1642 3542 1316 3700 1008
3761 118 574 244 2698 55
2735 482 968 1071 2937 352
3555 235 2203 24 1447 1310
3525 788 2802 1203 3740 988
2656 1860 1531 1624 2397 135
380 1109 2412 218 1112 1943
2456 1788 1391 122 2932 1952
1360 1390 1447 978 1803 890
3425 1196 854 779 1520 688
1306 1920 3462 1155 837 1744
3271 937 3463 1028 659 432
1537 1436 3445 1414 163 1730
2777 1989 2845 1852 185 467
1045 1991 3421 807 1105 1436
3219 887 360 1299 94 356
1633 678 1331 1331 2658 1313
333 508 2497 1339 2477 1371
2437 795 1360 143 2698 1534
744 1021 2695 1790 3946 718
251 1555 2919 370 1099 1955
3809 378 1269 1520 849 1131
1123 1932 2451 13 3923 517
812 161 2151 1657 1259 1277
1632 732 3263 893 2391 779
439 1152 2106 19 2977 1562
3290 1487 1557 114 1471 1207
2473 1454 1129 478 529 1335
527 1268 1866 1017 2966 181
2660 513 3712 1489 709 1680
3658 1006 63 1081 2722 456
659 885 1647 494 208 1045
3312 1413 1144 759 2277 1628
40 95 2080 1417 2421 561
3724 1106 3966 1697 2555 153
2244 1415 1485 984 2973 1734
1355 20 2133 1320 806 1366
1459 936 3256 62 3077 513
