3 2000
3737 1886 1104 1700 3190 1386
638 758 800 970 832 1783
1190 848 1901 1478 2006 552
1115 1986 3123 1631 3992 323
642 1365 1834 1415 1485 1942
2856 1722 576 127 1806 1696
905 281 3627 1985 1013 1405
440 551 1751 113 601 1352
3884 1439 930 1806 1249 460
59 627 3408 254 624 714
2415 1608 507 1438 500 1520
1076 562 203 1160 1189 597
2412 49 2347 127 463 408
297 552 716 1017 153 123
1755 1374 499 822 3131 1445
2315 658 2025 1917 3994 1586
1200 116 2513 1299 3559 1617
1550 924 1048 151 1499 1344
2457 114 3984 849 3365 151
2130 1608 1851 263 3480 1436
1841 374 1665 825 2041 1084
2129 998 1878 3 22 861
2013 1162 1079 79 1019 752
1230 1077 629 1602 3915 1969
3430 207 1875 1688 1541 1862
3628 1827 2650 1638 1439 226
2418 518 1913 1186 3168 663
1692 1416 3194 1303 1690 1253
2063 715 2322 187 2969 934
36 1213 2593 1669 3268 900
2463 871 260 1088 2217 1492
3981 608 3877 1 401 115
1070 1731 3481 847 502 453
2604 1963 629 1616 3237 992
2403 831 3009 1597 43 499
715 1050 3723 1407 1453 299
1596 75 2223 1456 1401 1080
1876 364 960 1790 294 1439
3214 1271 1330 37 2813 1066
3879 858 1535 1167 428 571
263 1120 1959 1388 2619 1976
2430 962 2177 1230 2166 1716
1925 358 2232 1171 491 1860
1474 1204 254 831 969 1167
776 1681 1352 644 128 867
624 1653 508 1033 843 1745
2700 1607 1503 890 3225 1173
3711 417 3349 1087 1913 897
520 1015 977 39 688 1001
36 108 2030 1971 3414 566
1373 1593 2246 1998 477 262
3346 1542 3335 848 877 1899
3806 1147 3492 1080 1439 1344
1981 1156 1731 1273 147 159
2663 1540 2601 662 3289 971
1097 302 3020 1484 957 1251
2201 732 2528 1270 2422 486
986 776 116 529 3155 257
788 1638 3449 1958 2257 392
636 1674 2772 1813 3144 421
1984 1477 2466 1151 2562 4
3390 418 1005 1204 61 1941
254 1486 1553 1889 870 1696
1053 665 1427 1718 576 326
2537 1940 826 660 2356 713
3896 1878 1888 1607 3143 776
3721 80 816 350 3258 1064
1408 126 2507 128 3663 986
2847 1996 2442 1755 1764 496
724 1317 1510 1056 400 299
803 84 3352 54 3586 795
3700 1343 2519 126 1156 1032
2681 435 1734 144 2319 512
3989 246 389 914 2844 435
365 1920 1200 439 373 585
2906 291 2376 1974 2306 1348
1901 765 3153 482 1667 742
33 555 986 1887 1412 1798
3815 1757 1413 1807 2366 1508
1435 101 2878 1763 338 1074
2320 688 2610 71 2666 589
730 1556 3766 920 3315 1692
3428 1689 1579 19 1221 316
923 122 1309 1210 1320 271
2938 1628 1429 29 814 1176
956 299 2667 173 2857 43
1416 86 3969 911 1071 1654
1699 1881 962 1305 1112 1681
1968 1143 3193 542 907 1746
1655 923 405 842 895 699
3178 1594 1982 183 402 548
3013 1055 3645 102 2631 1156
600 990 2346 1606 2845 1075
214 1102 117 605 1043 1399
2205 1827 2610 956 1563 1654
190 1768 3087 1592 2194 775
1621 979 137 1153 2428 277
1367 1373 3678 1527 3747 1890
1825 1581 2801 1742 1544 1773
3842 806 3925 1704 712 1634
2816 568 683 216 1003 1412
1239 1101 1732 1541 3517 1122
2361 1523 2954 1649 3586 992
3690 868 3652 158 721 1007
1157 541 3796 283 1994 41
2305 496 1070 293 3211 1727
3869 1569 1974 377 2300 1426
3696 1356 3955 533 3276 1606
2788 1043 2605 1957 1580 1984
1017 844 1921 1098 275 756
438 1756 3164 1547 2416 1225
3390 109 770 1975 2036 277
2504 897 1254 1241 2256 598
3975 1491 130 1152 1337 1206
2306 1197 415 982 3579 553
1983 1030 3384 1996 3743 948
3268 1268 2264 1093 2300 1491
3148 1669 3209 325 663 540
652 1502 1414 1467 1122 1350
836 1398 1908 1135 2465 1600
3275 220 2902 235 2194 1755
3751 565 418 885 723 1993
841 1803 3404 1822 3791 1440
3532 292 2020 1235 1833 1791
2193 373 3001 903 1900 462
1940 325 162 252 237 1052
1785 710 3500 431 1381 707
2041 516 1884 1429 18 1188
168 414 274 882 1589 1220
3858 1864 833 1299 3130 296
1783 349 2282 1572 3726 1696
2277 143 1359 671 1306 565
345 88 3044 1042 2722 1352
3330 813 2998 1494 1776 344
337 984 2274 1342 1147 137
580 803 2073 1623 3271 1150
3957 226 2955 1919 1160 1578
22 376 3955 591 1028 188
1367 233 552 599 775 1590
211 46 2877 505 1660 214
162 1401 1600 1430 2642 202
776 1412 2554 665 3036 1045
1881 1510 1331 318 775 1036
1218 880 3150 1453 3703 1136
3487 534 394 391 3500 39
3450 193 2949 171 2463 1099
534 1308 3858 40 1688 1917
2422 990 2410 341 1080 737
2636 990 660 1721 2283 210
1880 1358 740 1888 1767 513
1644 446 512 1453 3178 83
2588 819 2358 291 2540 724
3495 659 2159 1914 3890 308
3022 1391 975 1774 490 1965
3966 1501 3672 93 536 464
672 409 3863 1510 903 147
165 321 3921 1522 1815 684
2554 829 2410 1470 2891 1171
855 1298 243 1757 1307 494
2065 1520 3207 28 3389 1698
738 529 1315 1099 2891 13
1607 1770 1837 270 3884 185
2010 95 2167 1395 691 1063
18 957 1127 1009 2984 1929
292 509 812 1962 1177 569
778 1144 2055 1426 2060 1223
577 1401 2582 1285 3820 1215
3232 298 3451 1652 1493 940
3954 1798 738 42 3559 1992
571 1637 85 1802 1146 1761
789 1833 1413 90 3682 1473
161 282 584 991 2381 913
2512 1985 3918 845 3111 1156
339 1370 264 400 1894 994
1306 913 1555 982 2194 1618
1987 348 3134 990 3797 273
1144 1434 2569 1362 1533 532
64 1103 3496 1244 800 298
1214 1829 929 801 3551 1844
759 724 1430 57 3177 1036
761 1786 1384 1661 2789 1336
2236 100 91 730 2334 1281
2410 1138 583 246 1812 1482
2920 1244 647 82 895 1414
3792 1057 294 700 1406 520
3732 737 1834 1323 2515 865
582 1364 2651 1590 3796 1618
3035 1796 2954 243 2640 1647
3130 1816 2878 1500 3948 1248
1741 304 3016 650 2569 1079
2604 2000 3580 1050 2472 1885
3658 1197 3497 1367 1791 1763
3204 340 3783 344 964 131
744 133 3793 276 2107 847
813 1278 2844 925 2762 1887
2103 1892 2758 96 3217 889
423 1696 1958 924 163 1402
347 784 3637 1826 1343 261
1200 47 1229 1703 1198 1830
3817 1989 3212 74 132 380
742 250 3884 25 2870 344
969 38 1440 1031 3951 1805
3768 707 2692 815 2419 1328
3198 1581 874 1784 1685 1535
2542 1069 1963 229 3654 658
2843 1627 2882 1277 875 440
2525 1883 1978 9 2627 1808
1337 199 1792 601 3725 1815
2647 1106 2547 1817 2197 180
1454 1254 3102 203 1671 1481
3709 1040 312 1348 2034 79
3594 1137 692 51 1376 740
2892 1167 3519 487 3237 849
904 270 3299 1825 1984 174
1421 1126 1204 1258 129 30
1584 1070 3597 1503 1636 1423
3897 1594 3902 773 3988 1001
2397 617 2260 1819 2367 824
2366 591 212 1811 2982 771
2633 211 629 1912 2062 60
2222 550 2629 1571 3222 506
1856 1293 1448 1760 230 1381
1134 62 2496 668 1583 1499
1198 1806 1991 338 540 1060
3305 714 1768 1488 3716 1884
1474 192 3461 1718 377 1556
2798 1306 625 848 3792 938
1571 598 3912 825 851 187
679 589 79 1521 1666 1195
215 1604 3028 821 382 776
1894 634 2372 578 1974 1032
1753 1149 2463 1181 3082 893
1183 1953 2151 930 586 1263
2532 360 1302 668 2416 280
3750 1491 3111 255 883 116
3661 894 243 53 3421 918
3576 141 2802 1184 295 610
2498 1608 2201 1434 1202 1648
1601 170 1281 1639 859 184
1502 1109 1628 806 2162 1190
1202 355 1455 640 3142 1612
1493 1232 3857 143 1946 17
3947 1371 3718 931 752 587
2818 1830 2260 1400 1206 1201
2265 1778 359 761 3762 1597
688 482 3520 637 1391 2000
3486 863 694 1195 881 1667
3491 1532 59 1378 835 684
1211 1632 3789 245 2151 93
3396 447 2595 1763 2511 1207
652 87 3280 169 1017 1451
3988 1446 2376 1565 2236 821
1289 723 2925 1055 303 1292
1497 1872 1451 973 1029 334
3626 1090 3829 736 100 1174
3884 1115 1191 1410 481 205
830 1729 163 180 2607 644
3415 495 3121 330 1267 1084
3756 300 3307 550 640 1708
3248 887 2226 193 2594 614
971 285 2017 72 2429 680
3951 66 1831 884 3417 1421
801 90 2436 131 1016 217
35 1772 2802 1988 169 654
1141 156 3832 1420 1417 113
3310 1655 2547 1456 147 389
1130 736 15 1623 2393 215
3170 470 2355 94 1761 1502
3022 1747 777 595 363 346
237 1407 608 1372 1824 851
3509 1481 3135 1637 783 947
1721 646 27 1212 2365 1327
3653 1686 433 1063 2855 1373
3383 760 3995 817 356 877
2729 322 803 1339 564 1005
121 1101 3033 458 360 199
3161 357 1727 1417 237 1635
3428 498 319 643 1348 1991
2437 1251 1888 1337 1533 1217
282 1539 3298 1754 1308 582
3541 681 1995 90 2940 1206
1920 0 594 93 3518 1801
30 1367 1235 1214 2950 1357
1359 1590 2034 1273 3426 385
1225 1989 1821 614 879 1341
2422 833 739 1915 2543 424
1961 908 3440 34 3644 1383
3913 1066 1876 201 1641 1570
46 1238 111 1657 1933 1709
2266 1614 306 1349 1173 526
1346 1860 2299 1457 849 934
3156 1740 828 1975 3957 1497
2875 232 2100 767 1505 1713
3658 379 2738 1786 1748 1529
2538 1175 2796 1073 150 1111
3030 838 3896 55 276 1657
3507 1005 2815 859 1942 1588
3041 222 2534 1114 3549 32
997 616 1619 1629 1972 647
969 711 2493 1754 759 1256
1416 128 3620 916 2825 1113
1827 810 104 1937 845 838
3369 757 131 1663 3570 1599
1343 1076 1394 1523 3834 1225
1661 988 1155 1985 701 1005
2799 1323 786 914 1809 613
1558 1765 3409 276 2569 274
1498 917 1300 1466 2489 1921
1003 261 836 1489 3514 485
2112 933 886 834 3358 408
2712 1883 3653 1361 2604 1814
1011 1232 3853 1428 749 992
3941 1606 2185 210 2786 1753
2274 153 2862 65 2355 1711
2857 1130 1921 893 1034 1379
1732 2 1246 795 1524 188
3959 599 2547 1483 2812 1381
2920 1525 1979 953 2083 1959
2505 1798 2333 361 457 926
1550 718 1610 481 2175 1646
1905 331 480 1353 2060 1449
3857 963 1879 1736 938 454
3567 867 3449 754 3828 1631
350 1690 252 1930 315 1819
2244 934 326 1055 918 899
822 335 3997 408 3831 1082
568 574 2797 1206 375 1603
206 1644 3029 643 358 1706
1922 590 1219 1798 2433 1205
1735 1304 2353 1566 3816 1220
2554 251 52 720 3154 775
188 1739 574 314 2152 402
3371 219 3448 422 3207 55
1476 66 3758 129 3976 1190
1097 438 3101 333 1898 487
2926 194 3797 1309 1133 485
229 1078 3138 1598 3491 620
1699 1762 2021 452 1624 1894
1656 377 1252 667 2981 1544
3527 907 582 838 1417 169
2728 1946 1600 197 2267 662
461 1681 1486 557 1712 203
1484 604 1696 148 908 204
2866 1585 1880 216 2159 12
2683 1165 2094 829 3641 135
3982 1307 487 807 1018 618
156 36 283 1507 2581 1533
1897 1934 2967 768 32 1468
3565 956 3005 343 2829 1701
3893 1996 1453 1386 3363 1537
3105 1394 3368 716 3849 64
206 1618 420 789 3965 1226
1721 1246 1793 652 3345 1698
649 1700 983 401 1560 141
3314 272 1470 1921 985 807
1324 1330 893 942 650 1352
2494 966 2066 53 3657 397
173 1669 259 490 620 454
252 1616 1849 991 511 701
146 1138 2217 147 2950 490
2636 575 1097 310 58 411
1317 970 1038 466 1057 380
2299 92 321 934 2513 150
2409 982 2387 794 1754 1826
370 1121 1581 1240 1185 1423
1597 1154 3259 831 1061 773
2213 1289 1237 862 3618 1280
2843 1785 3055 1502 750 1289
1773 1157 1801 1239 911 805
127 275 2468 1413 1705 1410
3653 159 3946 1134 2886 1425
2916 391 3536 651 1400 357
3237 1005 854 1081 3042 1574
1942 1782 119 1482 910 1358
1722 284 3267 546 1802 1653
407 683 1249 978 1650 854
933 342 2129 841 513 1713
1822 1457 3545 1001 336 1296
38 1721 2258 546 2415 963
2552 1141 360 237 2328 1847
2898 80 3946 1856 3703 1744
16 1603 3414 1502 1230 964
827 103 3066 725 3269 1958
2446 1262 2285 1934 2092 452
3293 760 3725 166 3335 52
2630 770 1547 1251 2939 654
2746 1429 2867 1427 2891 815
2236 339 1585 545 252 1651
3999 1042 712 921 1329 1144
2114 313 2837 1138 3880 451
1967 1223 1281 62 3298 1985
2478 671 2352 1542 15 941
3901 1280 3302 1280 1783 265
126 363 439 148 3167 659
380 1958 1645 634 2110 710
3764 1432 831 1839 2497 866
428 567 1148 1931 248 8
2176 1610 2150 1248 211 1253
1192 759 2161 1916 1008 71
1757 129 3670 955 3080 1250
255 1980 2581 530 1080 1641
2193 382 2347 790 427 907
836 1236 2563 534 2042 39
877 356 3001 1816 260 398
296 233 598 1613 1737 572
1330 1189 3724 93 3850 1430
1057 943 2447 222 2985 1666
3228 1667 121 1498 2969 500
2974 202 173 1976 3961 536
3966 1992 2402 931 2232 308
115 727 363 1638 3161 1983
2672 445 524 1995 3633 1440
265 864 2405 1411 1100 1724
2478 1353 2641 1140 3937 1707
333 1374 587 599 2551 450
728 717 3953 9 2772 1494
3534 1616 1617 425 590 1051
3468 140 3528 594 3526 967
3161 368 2063 506 3390 578
3787 137 151 433 716 172
2190 769 3657 1326 1644 736
1656 327 200 321 2645 980
3650 77 2829 341 1019 1599
3355 265 1295 978 179 877
2321 245 982 191 871 189
911 726 3576 1239 2020 615
1868 1508 268 1602 3442 1370
1628 1773 12 1145 3922 1444
824 453 1427 179 3531 1827
2784 935 1244 1881 2783 1597
358 1260 1329 194 3709 1931
3128 914 612 1055 1043 380
1881 1987 1389 1314 2813 511
3536 1174 3924 1719 2999 649
3070 525 828 682 1214 1567
2613 295 1850 142 2001 977
3272 843 2282 1985 1442 1278
433 1223 331 341 1832 723
1234 177 2373 1926 803 1222
3557 1806 2474 1510 3197 218
1438 884 3100 142 2539 524
935 1969 1718 1236 2299 824
1507 1623 561 1161 67 767
3898 1807 2707 1439 450 38
3586 1869 933 326 1079 1048
2058 660 2399 138 3250 1079
140 237 484 1245 1325 1010
3860 190 1042 109 2185 1592
1032 719 1703 127 76 99
3998 1147 3224 1032 2689 467
3861 803 3235 815 1061 956
1415 1167 2371 852 3898 149
2180 1298 1505 1274 159 866
1024 834 2471 883 574 836
2058 1223 3294 1103 2534 454
3923 505 3551 1986 1514 1168
1539 540 140 1482 3485 1301
1012 1566 3354 1771 3060 22
2840 794 3534 1896 1057 1887
2559 1803 2842 1087 131 1007
972 265 288 1701 219 301
3079 205 1113 1564 3795 142
1742 469 955 1221 2227 730
3884 1924 1240 790 3946 1511
3614 1577 3401 895 3556 302
116 1953 903 308 3268 1153
1117 568 3355 318 3973 937
3870 215 1067 869 2899 1300
1532 1572 257 132 1025 1035
1892 267 582 1260 2234 1992
3748 452 3501 1075 993 654
1683 48 2447 1725 3250 1368
830 1135 2821 611 813 758
2380 1296 1555 1371 2805 143
37 286 1087 1281 1162 1026
3340 506 3955 657 2360 946
3602 268 2658 1138 1569 1365
3091 1229 3692 1647 1630 720
700 175 2664 436 118 1593
1233 193 347 486 2634 1771
571 1612 1998 1625 10 1625
769 285 3104 859 614 1080
1597 1070 2471 702 1349 190
1483 311 2974 862 1562 1015
3122 13 2534 358 946 397
1922 504 1479 1551 1812 576
3668 1620 2069 669 146 1738
1205 1710 350 1544 955 154
577 1213 3236 1774 2409 993
205 712 2207 1312 2005 807
2651 854 345 394 117 1077
3411 321 207 402 1301 337
2999 985 1959 322 3115 1318
542 1735 3921 561 17 620
3260 1981 3567 1767 3359 333
1414 1377 1884 785 435 208
539 936 2246 1116 3416 217
970 1191 2315 841 2811 1334
1375 1793 3779 1232 831 1880
3450 1360 1370 1413 1925 1726
350 1704 3354 864 3055 1696
1298 962 249 1424 86 1792
2017 478 2821 730 622 973
2061 35 3217 547 502 928
3200 1017 3916 1064 446 1925
2019 943 695 1775 2894 1353
866 447 2251 587 1226 155
3510 1170 3737 1790 1904 1364
1477 1208 3273 1760 3056 994
3907 1288 2029 105 2911 578
1790 1207 36 1465 1232 453
949 748 3172 1404 37 276
3005 564 3093 1300 3580 165
465 783 3839 764 1972 397
1953 855 2754 1001 3093 873
2558 377 1963 1579 1958 379
1421 112 2377 694 3568 346
844 612 1257 1765 1467 1095
3964 18 3628 1346 3655 1133
2939 1824 2066 488 2337 1529
1861 1831 1400 523 1243 778
2124 1413 3382 713 346 755
3966 644 3362 1228 3564 1770
1538 1721 1541 1068 3023 1947
3096 681 2488 1469 602 452
3619 758 3376 164 1745 1534
2973 1994 3396 266 3535 1639
1297 908 3001 497 3244 626
188 328 1561 1946 2179 1256
766 1109 3052 662 1596 1127
2345 550 251 486 1908 1144
2617 994 3890 1964 289 173
1754 1552 3907 282 131 1270
446 1548 2274 484 2510 1147
3587 745 562 205 564 95
2540 1260 3200 1967 3511 1369
719 1220 317 1465 3661 342
548 1951 1050 500 3145 1555
3710 1291 355 1576 2484 642
396 1954 1900 216 908 1820
2761 478 847 571 343 1940
2521 1585 1785 1256 209 950
612 753 1335 2000 883 1991
1293 936 3799 897 3172 1946
3989 76 2276 570 2818 468
3961 909 3238 853 2908 73
3478 935 192 296 1691 1118
1863 1084 944 666 2425 677
346 18 3348 1305 1000 1518
3112 64 509 807 2576 1240
1283 1134 3908 1082 762 847
262 1010 716 1715 1532 1860
3385 586 421 1022 310 270
1602 1558 292 394 666 351
1575 1800 2875 817 2300 349
2023 1921 2084 333 3392 1926
1746 578 1385 933 1639 846
1841 390 1001 1070 3673 690
2803 22 1732 140 1341 1925
1701 975 3791 1406 1705 1189
445 1028 70 640 1905 908
2015 1022 1861 1026 540 1613
1970 251 2484 1946 1140 203
273 507 3744 1456 492 1262
1573 102 129 512 1654 187
702 427 1863 271 1078 1609
525 921 2033 1633 857 488
15 565 2975 902 3822 761
2708 1877 3937 1196 3954 474
3088 577 101 133 3280 1571
3976 824 1883 72 3594 1771
2854 820 984 658 3550 71
2080 1487 2681 897 1776 1490
2881 1200 2631 1246 2676 1185
1668 1088 2072 960 2833 703
3647 1485 526 1179 2233 1624
2066 1138 959 755 3626 1147
1788 223 1462 165 782 1279
3773 639 3994 1051 2030 890
2525 1463 477 605 1395 899
3367 221 1321 1425 3346 1308
1737 1795 1255 1738 1847 869
1042 1586 225 225 2530 1587
610 1891 2500 1061 2486 1353
2789 1550 2917 193 2340 1166
1563 1259 233 1628 3134 963
390 1577 1019 1385 1046 1308
2038 1907 386 1240 473 1599
2215 1114 3113 833 1547 776
1906 136 2850 1719 2664 117
2241 1687 3243 1353 3631 208
596 894 498 590 145 464
974 1465 2103 1618 551 259
2617 667 265 1534 387 572
1210 1413 2754 957 2139 1806
2875 1718 1652 1401 1844 1758
3312 854 323 245 2148 949
1631 731 3796 1192 242 1183
2559 752 2514 1142 302 1214
2659 1236 1964 442 622 645
2359 556 1146 1142 312 866
3205 1404 2086 1665 2162 1251
3311 997 2976 1576 1774 1290
3633 668 3920 285 3322 1161
131 1146 326 786 2721 160
2364 1253 239 249 1433 601
2967 664 3202 129 3736 1486
1546 1644 69 1556 194 1057
1247 1340 2956 384 602 124
454 74 705 1607 1834 681
2643 925 3050 1780 841 1253
3850 1916 3983 1972 396 1137
4000 1135 2471 45 3833 656
2542 999 2374 405 2531 1969
3536 163 1419 979 1238 509
3814 515 770 1130 1578 810
2399 1202 527 433 128 223
2969 1077 2268 341 3996 322
1210 1815 1744 1987 2362 1202
1515 1258 2570 1613 3509 200
2997 1599 387 1784 1226 1918
1804 1895 858 472 2272 1730
1216 478 2413 324 1882 4
3193 1878 2993 362 90 461
1338 1788 895 1741 582 593
3176 736 1264 336 1838 1769
1770 51 2699 241 1028 1167
2191 1678 3446 1378 57 1333
13 1150 3071 1291 1021 1939
3304 131 556 888 3944 1099
3572 56 2895 177 438 1463
1847 717 1727 2000 162 798
2895 1719 1125 879 708 1243
948 1250 2375 904 1753 963
973 1811 2392 795 3615 907
3993 1446 3668 978 3108 28
2617 1274 997 758 2774 1483
1383 1066 1722 426 3758 1266
3259 1153 129 241 258 1845
1042 1573 1074 910 583 304
2330 1076 1945 1493 2656 230
148 622 2235 607 3333 1869
1462 6 1267 1441 230 1337
570 686 2471 1349 330 1209
1067 1150 3011 681 331 1943
290 1114 2548 1876 1148 225
1851 186 1145 1199 343 929
1782 1 644 31 1825 1793
1363 1871 1190 1764 2700 345
3077 1753 23 1638 65 1809
3700 294 103 1264 3726 940
1032 783 3138 1603 1031 1672
2284 1932 3784 531 3731 1194
1839 98 3133 389 2603 1433
2376 1985 2025 557 227 1370
441 1944 773 227 1613 172
3127 1224 1025 322 3946 1451
806 1753 2064 1849 306 232
2921 1268 3422 1366 2304 1603
45 1622 836 700 2931 675
3817 945 2283 920 3872 341
2638 818 2301 1752 728 265
1246 116 195 1186 1619 29
1798 1807 3634 1990 1518 1703
845 109 2936 1550 285 883
3370 971 3589 372 2851 1089
1379 546 3847 342 1148 1839
1436 1048 2606 1930 2625 68
3161 953 1049 77 1034 481
1896 183 3277 1177 3602 1088
2376 1001 6 1254 1496 924
1472 1580 1491 869 2758 1721
611 8 3155 151 2756 1318
3581 160 1237 95 2537 1892
1183 80 1600 334 1070 269
3563 176 3775 445 2728 106
2849 297 375 507 2458 1214
1104 1421 3994 774 948 615
3536 1147 849 573 1259 1963
3108 1421 3079 337 1962 9
1033 1420 3463 1081 2847 708
1997 617 1543 1246 2778 493
2896 562 2797 1126 3868 1039
3232 1234 2465 400 1982 1292
1348 990 3670 1167 1178 1706
447 1773 3708 1688 3954 853
756 1500 317 1358 491 527
2865 1081 3565 1610 2917 1142
3983 451 683 1919 3917 692
3362 1601 2197 1785 205 91
3469 69 163 1247 2056 1450
1911 1811 1999 149 3523 861
2801 342 3551 623 303 1535
3616 970 513 813 1992 211
613 1806 2208 538 2991 978
175 1582 1732 981 2863 857
3076 1132 3138 1940 3149 43
423 1180 128 794 1172 851
926 809 258 1308 417 176
3403 955 3518 1949 173 1314
2004 264 2066 72 1016 1308
3903 109 2387 43 229 307
817 836 3277 321 39 16
2856 275 145 402 1112 499
2488 492 1419 851 2435 252
2677 406 3012 1243 1751 1259
2986 0 775 1646 562 1385
145 268 1454 52 2584 1468
2957 139 2126 932 398 843
1930 1102 3120 1477 1591 233
23 1336 2758 262 3334 120
717 137 3339 189 1827 1551
2114 639 3440 1622 1797 551
19 1923 2913 1189 3534 259
2357 1131 3911 966 267 469
3132 822 2912 486 3118 1593
2332 1132 642 17 77 1765
2397 1810 1679 1910 3495 2000
2381 197 576 1717 495 1871
1164 834 89 1535 659 1809
1427 759 2035 887 1314 936
3797 1576 164 1820 1105 1808
1250 1452 727 1651 2562 620
164 1850 3067 735 283 73
1947 1716 3811 207 2160 975
2281 1918 1786 369 1832 1591
1745 1427 228 449 2221 585
2759 575 3024 24 1057 271
3460 1442 3896 1004 972 1120
3837 106 139 670 2927 1001
2895 565 624 725 203 987
1146 936 149 524 1507 325
1360 1048 3743 1135 1076 546
3509 852 2618 1076 1173 1518
482 1206 3738 133 2247 1044
2819 1365 909 200 1883 826
2335 1415 800 1310 166 564
359 1325 351 457 629 1852
208 788 1736 1065 1870 1795
2518 46 3266 317 769 1049
1785 1152 1282 283 1479 1129
1798 176 3209 429 2609 1034
420 1899 114 1961 3848 360
1668 246 421 26 3844 1894
2326 84 3993 1485 1144 443
3900 831 3338 1806 2204 743
3220 1731 3074 465 3678 454
705 1816 710 506 3483 857
2383 1611 3431 345 260 1565
37 617 3205 1911 3466 1684
3484 138 1369 1030 1867 1123
2712 1326 3203 778 3499 895
2059 1376 2197 996 3425 810
670 89 3023 776 1016 192
987 1686 416 852 3972 1506
23 1123 2270 596 3811 1409
1778 495 1960 741 1625 56
107 265 582 1862 1170 1506
126 805 3263 695 210 947
627 1179 2981 996 658 1993
131 1143 444 280 3688 314
544 608 3652 1194 1528 104
3705 1749 3389 1688 314 763
2769 1624 898 1843 2356 1924
1010 309 888 774 888 1097
2417 1175 1084 1784 668 9
2265 1828 728 1924 3720 22
1598 1655 1851 814 1938 7
3353 1045 1145 142 745 1191
3694 1880 3537 407 3572 1880
3694 685 2643 39 2422 1811
466 709 3432 1927 558 1909
2121 172 3856 1122 2071 1920
1950 1280 290 597 2678 874
297 1377 2375 655 3626 1163
1630 610 2353 1559 1540 983
2951 110 1675 941 2659 378
2339 579 304 48 645 483
1680 1056 2735 754 3906 1861
1708 1289 1443 1795 2536 1035
357 1594 3836 449 2569 1896
2883 367 2572 1688 1611 1205
2651 732 3894 947 1933 613
3907 108 3068 1825 3920 827
669 76 2618 1252 1189 460
43 1275 2358 812 3514 1465
1563 649 1554 1677 3998 1280
2276 49 1741 1190 3027 973
1205 1565 1563 583 1806 480
962 393 246 1637 769 1801
3016 497 97 423 233 1689
435 447 3461 1505 1697 406
169 60 1064 496 1379 461
1204 1223 36 1558 3516 1337
1836 1055 3616 531 1669 811
3778 1975 2975 1473 3391 1823
1782 266 541 1786 926 427
3121 209 1250 27 2340 1738
2131 901 3767 1045 1943 829
24 1970 1494 1842 156 754
3330 1936 2803 1123 2824 765
1775 79 1764 1317 337 525
1999 862 2369 1789 3025 510
3422 1504 441 881 2212 1305
3203 1125 566 969 2770 301
3089 431 1137 1950 2311 317
1837 90 3781 762 127 1237
3402 1131 1626 1731 3053 1876
1448 1524 2889 1372 1388 1301
3872 155 3032 1756 1461 1581
3314 1690 2812 1409 3555 1273
573 310 1235 349 437 932
352 1522 2458 765 2418 228
971 1328 3680 863 1582 811
1800 598 1993 1773 3599 1965
338 281 2211 280 2326 1113
3352 850 1819 1158 1661 1940
2945 700 3562 1117 785 812
3918 1869 335 959 1804 1162
3524 1 1086 526 710 1466
498 196 1536 539 2771 1428
2201 131 2344 763 3007 657
2945 998 3841 572 1317 1944
3717 1412 3595 1258 2141 1916
2774 246 1924 144 576 1090
3894 1019 1728 68 354 94
2125 1390 2753 839 1809 1400
1709 1070 2144 601 3906 565
796 194 3250 498 3204 443
3070 1437 2917 1074 112 1316
1369 553 3934 778 3412 1451
1356 375 857 1108 1377 875
288 244 2311 1350 2131 1598
1150 481 1221 726 55 521
3005 1140 46 1130 2180 793
1224 1336 1268 1977 2839 1076
2551 588 1172 678 3872 768
934 368 1948 1643 1272 1913
2660 683 3841 654 2013 1087
3617 1616 2084 1155 399 902
464 1181 470 725 2508 1549
3885 0 510 1897 1370 852
1189 695 3411 1952 3228 1633
1521 1517 2293 1888 28 786
3062 1483 217 1047 984 796
2000 31 2659 807 863 626
1473 401 3288 636 2090 311
3976 593 3297 1184 3397 263
3490 1295 2655 1257 2965 1763
3483 882 3787 50 3121 1026
1830 1456 1102 123 3329 1631
3449 1793 1095 1719 993 1722
2169 1789 588 618 1878 1657
3287 513 157 1745 2515 432
1801 1073 841 1377 2445 493
3529 1218 3914 592 1429 1964
3008 1609 2425 1286 1373 1474
2104 1337 1999 82 2708 371
328 1126 748 836 174 1822
2704 177 3264 1660 2662 1236
1795 828 1570 743 710 631
970 458 1486 496 3370 23
3490 570 422 1036 3892 1990
3781 1264 2431 1720 2461 957
751 1232 1329 1274 2713 1811
1587 760 110 1704 3599 71
2621 748 1904 348 1247 1928
3499 1727 911 1848 398 1265
1923 1543 2972 383 3782 59
1239 506 2762 559 1731 1499
2929 557 3018 827 3839 959
2231 350 3232 882 3099 1977
2296 689 2393 560 707 552
1018 1172 330 543 2424 334
1917 13 762 712 3957 686
3636 1676 138 1224 3365 397
2112 732 3132 4 531 1385
186 1259 523 511 3176 1457
2940 409 1020 1150 3002 1064
2568 906 1757 582 1574 1130
212 1994 3857 795 2927 1833
2817 678 2401 822 3481 1764
1436 1823 3920 958 3113 1294
573 1348 3093 558 435 1798
1725 1284 643 283 1419 830
1852 1772 2408 823 3331 931
1047 591 1765 1054 2492 1598
3240 6 3829 1115 2799 710
2647 707 1291 758 2388 1064
2596 1537 2424 1552 905 1445
1649 832 2246 1086 3621 480
2129 1740 1012 831 1266 1623
1061 490 2903 957 2674 883
1396 1138 3013 777 1949 496
356 271 1193 700 2505 267
2749 186 3811 1457 1475 572
669 1731 3880 112 344 1984
524 352 346 1026 1730 1416
3902 1410 2564 444 2640 990
802 695 163 403 902 1403
2496 1699 3072 1443 1989 1686
511 1734 775 613 1387 194
2367 1053 3085 972 1226 1462
882 830 826 1090 473 1404
1406 153 717 454 1233 1147
2051 1216 1779 1785 2049 1534
3784 1662 858 1067 2044 1638
1444 454 1527 1529 2957 1215
1292 1404 2694 185 505 1010
2714 1992 2756 1111 1624 129
1314 750 3875 533 153 1693
2068 401 1126 1749 1038 31
2834 530 3427 1954 61 1143
3718 278 3349 1588 2529 1109
3678 1252 2483 454 3688 1207
2280 143 2355 315 3300 1530
2723 1345 157 798 3703 799
3350 35 3432 907 1110 1135
2336 1396 56 364 3250 344
755 1728 837 1378 1225 1809
1741 1940 2243 420 1906 766
2262 1488 1923 1935 1258 1480
2451 1772 3610 914 3674 809
2045 657 3439 1852 2679 1659
3089 759 2790 486 2377 206
428 827 2306 352 1 1077
531 372 1458 1846 593 1671
2129 773 3257 1444 796 43
1754 747 772 284 3024 1290
770 1070 899 258 1708 1124
1845 1963 2999 782 75 1575
2705 916 90 710 964 1049
141 1418 1836 617 2059 746
375 976 524 891 2993 1610
1549 620 3463 1426 3728 1443
1308 198 840 439 2416 1617
2231 410 1052 588 3056 396
2911 142 523 901 1542 203
3144 162 3519 1252 855 217
2019 366 1900 1161 3489 1393
1420 1629 2941 1712 2959 1171
3782 1875 1583 394 263 700
3420 150 2946 1415 3624 250
2047 1948 2760 933 3324 604
2008 580 2810 394 667 737
756 1831 1920 131 3399 841
3341 1833 2302 1296 3374 1020
2437 817 3106 527 769 552
1811 464 3631 298 539 1324
552 1030 3441 1918 2413 1319
2546 1305 1529 221 3600 622
1806 1805 1262 558 1957 531
2910 703 2110 657 779 1469
1001 1610 2108 594 2775 337
67 193 2933 1972 1528 868
3975 47 2685 932 2837 1877
1770 184 3764 47 1671 555
191 1251 477 388 2152 840
1755 445 3798 941 870 1828
2462 844 2797 714 2839 799
404 982 26 1818 821 1141
2043 1974 2377 411 2832 1803
2289 1429 1850 274 1855 461
3997 1897 2589 1874 2062 136
1951 1052 2365 1808 1575 956
1441 1040 2203 1898 2528 816
255 1909 2042 794 2156 129
3344 1705 2364 1963 2310 557
1169 1433 2617 94 1333 392
1883 393 794 930 3474 868
3411 754 1122 1236 1934 1739
902 1776 1281 1449 2105 936
1511 1736 666 606 3437 1584
3208 1808 1561 1928 2179 1174
3605 906 1194 1987 1184 100
1201 1789 2668 1554 3278 720
3407 283 2824 775 2730 455
2542 375 229 1040 2133 1130
586 935 526 1904 1685 1331
1258 744 305 1452 2780 1629
961 1807 302 1323 2722 1710
862 496 3711 1981 1550 75
3549 810 241 1142 415 1947
1979 1787 1371 866 2588 1342
531 520 477 922 698 1325
2096 490 2547 1531 2632 180
3249 28 3581 1934 1300 1323
3373 1765 513 847 2750 902
370 1425 1126 1242 1869 1511
336 1935 514 1329 280 639
2762 377 2036 477 1586 1485
1731 934 3363 148 1915 486
2437 1421 3061 1162 1457 1809
379 1873 2800 1583 879 1576
2775 483 2965 934 622 1480
3483 595 2781 1925 3904 435
1644 668 2791 857 2852 197
372 792 2588 122 2841 226
2379 213 834 1289 1770 287
640 1656 2731 1167 604 942
2313 1666 3870 1789 1518 457
3138 1897 3111 1968 1495 1733
542 1997 3157 581 2952 387
3615 217 727 697 160 647
3195 462 2506 836 125 1433
2246 968 1770 1542 3495 924
1026 583 655 1988 3936 785
1779 1453 2689 737 646 1969
3768 1131 1544 336 530 1245
2382 529 875 1829 1625 1830
1067 1326 2532 1736 2776 1552
874 1354 1892 1658 1834 1925
1297 1837 2953 624 2303 882
1393 1683 1694 1130 2536 1818
200 1271 296 845 1011 1809
2595 595 2439 1995 49 1171
2922 1537 1851 1400 1865 196
1548 1556 1396 200 2044 1340
3305 1538 192 889 749 548
1195 944 389 1847 1612 851
866 1134 1402 874 544 712
692 299 3290 1668 223 255
3194 131 1189 866 381 1127
619 66 1704 1036 3519 1518
1074 827 393 1437 390 472
3548 24 3743 633 3742 2000
2981 421 3471 561 1503 906
2725 427 2245 226 1945 698
2660 665 1863 15 2243 419
3848 838 287 913 3396 1776
1597 1549 2903 714 1424 1168
2023 936 1394 542 2173 1600
1819 1523 2501 620 3290 335
1710 932 3498 1841 441 1916
949 1777 2563 1905 885 310
3699 1024 2044 1969 449 987
3304 1400 3321 1741 3705 1861
1053 699 454 255 2594 443
3398 373 2601 1441 1315 1876
2467 935 3469 127 3355 1658
2260 509 3739 1484 3967 1525
3430 1445 1670 451 3639 662
2001 1367 1382 1336 365 1708
1438 1747 3421 1598 3463 19
2834 1215 683 343 1135 98
1186 992 557 1325 1580 352
2738 1927 830 559 946 480
759 633 2822 1264 3164 937
3508 203 3341 24 3299 1930
2457 185 3439 1070 2309 1695
1772 701 318 810 1224 1740
1877 230 3272 1946 2986 274
1067 721 2798 243 1596 1379
3775 1598 2205 671 1558 206
344 1712 657 1489 860 364
1045 395 948 42 2073 1339
3296 1985 563 1576 493 556
2313 519 1301 597 1778 407
3690 1605 322 737 432 730
23 1504 2592 1765 3510 41
1818 386 2385 834 2562 61
1687 360 2099 122 2887 1299
1188 1107 2943 1542 57 1862
3124 715 276 578 2735 1631
3600 1815 2928 537 2348 962
3848 1874 453 1926 2151 1506
3282 481 3385 841 3125 1685
3611 688 3657 1078 1527 139
2114 1459 1378 503 3720 1754
3719 124 3124 117 197 1365
3786 1702 3883 1272 2394 35
2159 317 3106 1414 1531 819
2879 1657 1235 1783 3278 254
3269 109 3498 1453 1054 995
2062 1877 950 373 3720 214
3757 1156 328 1793 2439 1060
3260 849 2169 148 1695 359
1843 1720 3744 986 2074 513
1401 1442 1626 1180 1327 1351
2692 1863 2494 485 857 850
2540 251 2164 1569 370 1607
3563 512 2158 1294 3370 1807
2766 1322 85 559 160 62
3359 553 458 684 2743 942
906 127 1353 1143 3909 506
3426 1124 2104 298 2285 388
1320 589 3856 348 2663 1104
1289 202 3875 531 580 1129
2667 824 3596 1934 607 609
673 1926 3711 33 3600 755
972 237 1416 1337 806 1612
2870 1942 2504 479 3294 1955
2569 1280 1044 1804 366 1218
3082 277 639 1399 1691 672
2469 1934 3451 1287 48 949
2763 309 1257 449 1195 596
2002 93 1827 739 2730 1959
1562 13 1530 129 2318 1903
2513 1306 949 1896 439 719
1705 1513 466 229 1453 964
1047 1691 2209 133 950 1447
3642 1928 2785 1124 2166 423
757 1606 117 889 519 1283
339 814 3581 1120 2526 1254
701 1457 3998 438 2674 1393
590 1834 1652 1572 3137 809
658 1441 1426 1744 3929 1662
1220 1560 3856 1506 1134 1935
1184 925 1473 1228 3430 1379
3093 891 2900 1804 3531 610
1163 821 2224 125 692 355
409 1961 1600 1578 1827 1638
1973 1218 3751 1347 3847 36
2165 581 1891 1725 2028 1394
3324 587 1250 996 2727 1582
3370 400 3261 1208 3914 763
3407 1120 3682 1710 2296 1744
17 1955 27 1223 3289 322
2621 1110 309 679 3940 618
3208 1040 3351 433 3873 1626
1071 297 160 1588 550 1604
599 1484 834 1401 384 1320
1873 25 3612 853 3185 1030
2197 1100 3380 222 1738 555
2007 1202 1689 1553 3081 559
190 1695 2142 1628 3078 905
2397 1731 3650 411 987 870
313 1388 3785 805 3041 1573
1260 514 3546 1821 2178 1606
1985 1738 2919 910 2457 688
2677 368 40 1057 522 1637
2833 1133 133 1784 3389 1904
1225 540 2023 130 2436 1452
3409 1045 3407 13 3244 1749
2020 392 2548 1110 3208 70
2797 1465 3311 452 3792 1853
3119 881 67 1098 3967 977
1008 356 1873 797 2539 1187
1202 1671 2626 1754 2692 1788
1818 1225 100 1569 2431 545
498 318 825 997 2003 1271
3525 926 2937 1323 700 1602
1022 1898 3941 1488 2662 377
775 1675 515 378 222 391
2550 305 2149 89 1268 906
3707 395 2563 1223 1188 231
807 197 2234 1274 1461 1432
2575 1611 523 1841 2772 1457
746 704 3935 1617 2341 916
48 994 187 709 2850 266
891 280 1310 181 3304 943
1954 488 2139 890 713 1727
2445 330 98 454 3122 391
164 733 2904 1668 873 1475
3801 1606 129 1222 2180 66
2634 814 2985 414 3575 1436
3463 1875 2601 1340 2709 67
2172 1514 61 1606 1536 1678
1625 1301 1463 277 1082 943
3966 377 730 284 3534 400
3681 735 3142 178 1184 647
637 720 548 1291 900 1056
907 1016 2141 1389 3924 571
978 90 3780 799 1885 1561
1018 1639 3595 710 392 1258
366 1195 3075 1899 1933 483
971 150 129 1342 2447 900
2715 794 267 1258 3467 1597
3864 925 1727 1167 3626 1692
77 200 603 1578 552 1806
3475 1203 3217 946 612 1365
3971 813 78 1871 3246 1252
2304 76 3784 362 3010 1156
3591 1637 2860 1074 236 400
3052 207 1590 1274 2074 373
3175 1851 3150 688 413 1617
2869 849 133 1389 3455 797
630 1788 3014 1996 33 1870
1700 798 986 1370 2067 260
2735 689 1046 372 2036 1160
1681 556 2896 1474 2746 1504
1324 525 3656 1149 1884 1772
2878 804 3632 1756 2799 1155
376 1274 111 1534 3288 503
2117 177 3463 28 2926 1536
2917 1034 686 1767 3126 1402
3413 1628 780 845 2144 122
872 1517 1116 1481 3234 312
307 529 278 93 1191 620
3250 604 2508 90 141 426
3997 851 596 627 91 561
148 209 183 602 3623 947
2055 799 2987 487 2112 1672
1360 697 1574 1674 98 1483
3700 1153 2013 1761 879 1330
3914 491 3973 32 2309 502
2193 889 3479 893 3094 912
3794 1825 631 1684 2195 265
2863 1499 785 1045 3978 1465
108 64 2661 1745 1655 62
132 159 538 489 2089 19
3166 1460 2002 496 457 1488
3319 565 2411 190 2602 1842
1210 1932 3099 1251 2588 915
2832 441 3424 498 3570 525
366 1465 2722 1766 1668 1750
2741 568 3993 1165 2270 1453
3483 1066 116 1783 2493 1235
2948 185 882 20 3177 520
1625 409 603 132 3811 834
3369 432 3411 1322 1351 798
1387 874 355 1959 2359 995
111 930 1902 763 2724 1488
2613 552 3821 328 2547 256
1132 927 2528 1047 3970 451
945 513 3124 1902 197 1537
1231 482 360 263 324 431
3214 1196 1334 1435 3936 10
2251 241 659 178 608 704
1240 327 2726 1126 132 1156
3071 1670 1691 587 773 870
442 1289 1251 746 2097 352
1610 497 1002 1916 3142 606
3521 1812 2757 1372 641 573
699 635 2946 482 3541 968
3715 1521 1560 1303 3718 836
564 1256 827 576 1697 151
2988 1442 2001 331 1320 424
1764 972 261 873 3511 1216
1520 1852 2813 294 2622 1796
2934 339 2544 69 3944 717
941 725 2644 1803 2590 680
1666 1701 2140 1406 2112 420
416 1584 1891 765 451 1351
1128 426 2147 1152 1805 1913
2780 217 3738 658 2502 838
219 1142 2038 656 604 1319
2495 300 3895 670 1803 1470
2307 584 801 19 2188 1079
1612 51 789 1679 362 417
1410 144 791 1340 3867 584
355 649 1198 1837 290 121
1138 260 942 1492 778 1121
54 58 3815 1280 3869 944
3494 609 1062 1485 2609 42
2659 1147 2527 1815 2237 1914
222 835 3319 1002 972 1920
1113 1005 1286 282 1831 517
1753 1875 3963 1714 1940 1477
1911 877 3431 348 1537 929
1648 1231 1720 364 2590 1212
3029 363 3860 949 970 1337
927 1407 537 1219 1655 326
1915 1258 1918 1253 1845 119
51 1042 1564 494 2644 13
2473 663 2665 1344 1656 1339
58 1743 1821 661 2958 1589
1605 1462 2442 1864 714 1082
1199 1564 1934 393 3333 612
729 452 363 1396 742 1911
600 1545 2401 1535 2907 1850
2397 1410 1856 678 1484 1083
3847 932 192 516 3198 1242
1189 1870 681 889 3649 335
2835 412 431 1409 1280 580
2972 358 90 1851 98 1911
1174 1091 2643 636 645 1952
2728 884 974 1501 2059 829
2039 1804 1164 1760 1372 1716
951 68 2078 77 1787 805
2475 1082 2384 1437 3080 530
294 1260 169 1478 1634 1600
3225 130 3649 1643 758 653
854 1726 508 1819 3861 331
831 279 13 48 3268 736
3456 1878 197 1501 1708 1321
1486 6 3950 1700 1244 1370
2438 1767 1082 824 3050 813
1525 1743 332 415 2463 1835
1592 1470 2910 1297 3046 582
3065 1953 262 1727 912 1698
3871 1385 3421 673 3407 1550
2387 1677 1759 1236 399 1081
654 1716 790 844 3277 98
1952 1268 3651 1339 3551 950
2798 1163 2732 1802 543 318
628 1074 490 1983 820 704
3633 1683 1665 753 2221 1490
1776 1855 2138 150 3207 135
3762 1313 1765 726 1787 1398
2705 1205 3186 1969 273 1345
2984 1490 2299 1892 3667 7
1156 978 1263 1524 886 741
2979 1634 2289 258 3795 1564
2922 378 2558 1477 1786 1056
3200 753 3120 234 2201 688
3225 1834 2599 844 2418 1979
3366 658 455 678 1086 1386
2965 1794 112 463 3697 679
2886 319 670 1892 1916 1967
1250 457 576 760 908 1783
3567 1863 3973 596 1711 496
3589 401 2133 423 3289 960
499 336 1832 309 1701 135
747 100 1767 1384 499 492
2392 1522 1501 1509 1166 1090
1219 1770 2008 1648 2477 1728
1700 1842 3456 267 3227 44
2175 645 2859 755 2279 104
1860 1247 2381 990 1498 134
1844 1875 3595 854 1903 1344
639 739 1949 1760 588 1757
2484 693 3565 228 2252 1233
1601 1882 1912 23 2245 1061
942 847 2303 1332 320 1923
3375 45 3901 911 3071 143
3130 1344 658 1820 3178 1483
2684 600 1615 1341 326 1228
2030 1606 2286 868 3080 1930
417 1154 601 1766 2425 672
2723 1479 2031 507 799 495
3801 1629 3290 1493 2477 1575
959 591 1284 293 561 1075
97 548 1217 173 220 191
2717 1478 1594 604 34 98
1132 114 1510 8 2903 1297
2795 188 2421 743 2953 396
2 102 1133 175 3416 349
2539 721 1379 515 2521 723
927 276 3630 1380 1412 626
3436 1569 1266 1537 1965 973
3976 318 462 1969 583 381
697 17 3760 659 2636 317
1352 846 2849 1604 3766 401
775 1752 12 1638 842 1394
1893 2 868 1478 2141 1262
360 1350 1692 1434 997 723
1157 558 166 369 2770 742
2379 1106 1120 971 3038 424
3930 1569 3298 1619 2104 446
3670 1627 260 1366 2377 1069
2643 658 153 660 1605 461
3014 1505 3332 1177 3287 474
2362 1247 1637 1259 1987 1269
3016 1801 544 575 2855 1484
2879 856 653 654 1428 426
2649 1833 2657 125 565 491
1188 200 1473 783 3433 44
3581 179 2783 1714 2499 780
2585 62 610 1603 709 178
288 247 2207 1626 1604 330
1829 184 2973 464 3475 1355
3043 212 2128 454 2115 1902
3343 969 740 1658 3615 361
222 80 3740 664 252 1852
3096 1478 3142 479 207 376
1783 966 3131 378 1321 408
1592 1393 2904 1934 1278 1322
679 404 944 1856 3174 1618
1059 839 842 1041 877 1393
3899 1783 3371 62 1950 811
1184 691 3028 887 770 430
2690 850 812 1940 1129 155
2841 753 3134 1196 328 1266
792 698 1002 830 3097 198
233 1681 1286 1676 1458 1726
3219 675 2989 1757 387 1116
1120 355 2322 1995 1552 1834
3086 324 3356 365 2652 1635
191 872 3150 1554 2252 1043
213 417 1677 270 3874 1765
3157 1640 1378 508 1448 209
815 1941 3519 1 2149 1424
3253 9 1956 966 2689 856
3869 1200 201 305 335 1221
1013 1926 3922 1873 3341 1322
2639 1345 1842 1539 3115 284
371 630 3954 1806 2891 1995
3997 1545 938 1268 373 1798
1317 1423 1645 457 3431 601
1083 1458 3915 442 1157 1874
972 36 3710 1378 1405 919
3970 1087 1516 921 22 424
576 1614 1781 1996 83 1255
608 501 3326 1447 1913 968
873 1417 88 153 3473 1197
1501 1422 3353 379 2970 256
1489 1299 1180 1347 3937 294
3377 1256 1258 361 2653 1092
3625 923 1235 1681 2853 407
3826 1800 487 222 1679 1132
462 82 1521 146 1565 1811
3246 821 1178 1223 2251 1118
2587 132 2317 1892 2489 574
1957 1370 3219 434 734 621
3137 1216 1653 784 84 647
2787 1925 2215 984 3469 59
3097 1741 3656 568 3507 381
190 366 1891 691 2229 412
122 68 1078 280 3814 1135
2988 1721 944 1190 3077 1937
656 1485 3418 1702 3112 1712
3037 1621 2755 380 3681 1509
3916 1637 770 414 34 1715
2615 1613 3009 1253 1748 1607
3342 74 3169 1205 3668 196
3687 326 715 802 3277 1445
851 219 381 196 1939 1288
415 1001 3133 1230 1124 1981
3761 1058 3406 1714 2420 570
1156 276 377 8 3065 1007
1064 826 2810 1099 2933 406
1277 215 3143 202 2256 1239
1190 1394 253 1460 224 1314
3342 1557 1704 1876 3890 1792
1098 825 2076 581 1044 1779
45 667 2683 375 3179 504
1466 1122 1255 188 1717 1769
3302 1504 2362 1290 2798 272
534 623 1888 522 1391 478
3975 1130 3257 1801 2798 1727
3975 1733 1662 754 3624 1203
1215 166 310 178 3048 637
2870 12 443 195 2470 1176
1700 1574 107 781 978 58
352 1457 3178 42 2871 291
2353 122 39 183 449 1459
2652 252 2786 1422 1369 1717
112 593 261 1535 3720 1386
2290 84 1724 1127 2354 390
2779 42 1490 1118 805 1769
1486 658 3930 1253 1574 1314
949 887 895 1539 1651 212
3147 1090 3409 1504 2950 1610
656 867 2791 1473 129 67
2704 719 1541 1154 1407 894
2252 1182 1315 138 3880 1504
1896 311 2496 369 3688 1772
3775 282 3227 1764 1004 711
1674 1456 796 1416 1044 1007
2469 1482 3489 1806 506 952
3232 1007 3158 1442 2135 1981
297 846 1882 1358 2936 1838
767 888 2794 560 1131 1163
334 1978 1505 634 2942 290
49 1157 2338 52 3034 1827
1922 499 3857 124 1226 62
402 936 3807 672 3920 963
570 775 260 174 2052 684
134 398 3769 334 2340 1618
2190 1149 3419 156 2588 181
3366 558 3270 241 3493 1594
84 1408 644 1964 2853 1818
1490 77 887 276 620 1192
3065 258 2918 593 93 1460
790 484 1275 1753 3816 1482
1890 948 3143 1809 3990 1659
3678 247 1954 1517 191 972
2874 1853 1520 419 3452 1160
3871 219 3051 1112 219 561
63 839 1569 508 707 252
3470 965 464 1381 2250 1126
1804 434 2899 279 1350 314
3685 510 2470 217 3779 1976
1295 874 782 684 844 349
2465 690 1817 1327 343 122
1360 351 2402 753 1785 1882
2976 1872 383 1635 264 1569
825 1980 2739 290 151 1794
2628 740 1810 479 3462 1700
3835 1321 3905 1150 1875 789
2883 1096 1648 973 3594 732
919 1110 3311 159 3731 897
3119 749 618 1470 3063 1399
1127 1848 842 532 3716 225
3604 1045 60 498 3885 664
2480 1104 3464 449 3079 458
52 736 2565 1328 1028 1648
1632 1747 3222 1148 1970 1383
2969 1234 432 1542 2892 1202
1261 786 2897 696 407 1691
1506 785 3166 772 1475 75
1326 1638 156 817 1606 331
1084 891 1158 1962 2723 93
1425 351 727 752 2900 818
1822 883 2085 1179 3893 1505
3899 278 3414 443 272 147
910 1830 2171 382 84 148
1908 1377 456 867 828 1708
381 904 498 279 3605 29
1831 1994 3613 1731 1114 777
2886 1513 3200 1093 2649 1141
537 1220 2002 868 1254 270
1559 349 2404 1818 1060 1622
2521 1640 2329 1629 194 1214
859 1137 2582 60 667 1769
3943 938 1179 742 1061 494
1090 1811 2322 1094 783 185
3639 962 1340 1487 958 1063
1442 1213 519 1514 3273 1621
427 1807 303 784 3361 918
1210 455 3222 902 3896 441
1504 20 1668 551 1443 260
132 1390 606 668 3534 1463
2034 1973 2002 1492 3938 565
859 1733 2323 1272 582 899
2867 739 1250 1727 166 37
2149 839 3588 1776 2615 965
1898 456 1458 521 789 1441
3026 1817 474 1520 502 1287
1549 488 3514 1331 795 1249
3778 1512 1476 157 1533 1812
642 501 2480 1553 1800 110
937 947 3409 315 325 13
949 963 1301 1690 666 693
2930 158 455 1745 471 44
3399 1277 1119 599 2432 1715
1636 1885 2620 1646 3988 1017
3900 247 1144 401 2464 218
635 508 2538 223 1967 662
3710 1349 2629 364 1995 1518
2638 1307 2548 886 492 125
12 568 541 1004 3801 1125
404 1419 3006 1482 1679 1734
1729 1701 1100 1030 2020 1298
3895 281 839 601 2572 979
3487 590 2325 640 777 1917
3690 477 387 803 2916 57
1530 1277 1415 1409 1307 182
1907 440 316 1221 2647 1726
3899 1661 3790 1744 1856 1375
2746 60 3229 1012 1987 1167
2551 1034 1406 1680 3255 246
81 1035 3657 1786 3578 326
1957 1580 337 1690 2097 1021
2073 771 739 796 3093 824
1766 404 3177 954 1379 1881
2694 1115 49 1679 3829 203
3886 489 813 410 2553 1617
3153 1481 2955 1505 2118 1687
2643 838 1055 689 2564 1030
25 1872 2156 1101 932 601
139 959 1558 1337 3715 897
604 1947 2043 1148 412 1228
1053 1467 1443 471 3758 312
1560 1829 868 132 3723 1614
3363 447 1112 1499 1568 1147
1686 773 2891 822 2883 1861
1176 1362 2967 1930 2165 182
2328 1772 644 69 334 802
1050 125 2495 1184 648 1434
2739 1004 215 925 1870 586
1796 1623 3313 355 270 371
555 1669 2365 1716 2106 1011
345 1244 2312 1155 2507 1075
2010 1554 2660 856 843 1306
3874 938 1020 1836 2442 849
3949 327 2082 720 297 1565
2050 188 1985 621 1250 1697
217 988 2264 1515 2258 1942
3136 1998 2960 1034 345 1179
2596 931 1390 1769 1935 890
1703 580 2001 515 706 1887
1760 1417 510 1512 1054 1158
604 1009 850 1458 1724 552
3608 690 1455 808 1182 815
1352 1046 864 813 3941 1787
3649 1516 207 304 3985 1304
3901 1155 214 286 2407 730
1876 484 257 737 3686 686
87 840 2722 1588 1808 856
272 1802 3233 428 3364 935
771 1355 1139 434 2442 616
1980 409 2590 1439 2650 613
1931 1575 3921 1318 1964 804
503 1825 1464 682 1392 1185
3984 885 590 596 3072 551
396 851 3518 1886 58 58
1249 1845 9 1278 2793 1203
3466 1330 3006 1927 2560 841
1245 16 1731 2000 3806 529
62 1642 1556 1576 1769 272
3656 1185 136 1020 2269 380
1055 1277 3089 368 2436 1638
3310 1892 407 1500 2362 1900
767 1712 2017 1411 3638 76
1034 1250 1914 1572 1616 1430
2644 715 2377 1671 3224 91
3506 1579 1189 1318 189 1252
536 24 3541 980 2875 1745
1967 870 573 1679 419 271
2204 1031 522 424 1889 1183
3400 1984 15 322 809 762
362 1520 875 393 3331 1590
1600 530 3349 15 3435 1933
586 1786 2700 750 394 969
2754 1793 916 509 3373 296
1623 1031 1031 337 3702 622
1881 1472 858 1364 2559 321
2811 405 724 526 634 1735
2363 1616 584 8 3497 939
984 975 1670 1881 2479 1476
2694 418 183 1962 1071 1674
2785 1847 1051 354 1673 1989
694 1937 2052 1149 1904 318
594 702 1540 1295 2561 1769
632 637 1983 1356 2368 22
2928 390 3462 917 2082 549
534 1693 2028 1526 450 1553
2775 610 2764 614 3574 554
3992 94 783 346 2924 190
2313 11 1107 30 3104 94
3952 1332 1194 1044 1711 1625
129 278 1819 1745 1060 1118
1393 1747 3356 1884 1174 1224
2186 1432 1651 1715 1154 1016
3523 1290 2320 1461 2080 617
2282 113 32 126 240 1901
592 971 1073 642 2599 1699
1671 1352 354 1115 3841 988
3757 1144 3836 1522 3691 462
2567 130 941 872 2826 565
3599 230 110 464 3891 94
133 1262 2486 1295 42 1710
993 312 1305 1648 2371 233
1272 296 2743 845 2217 869
576 474 1448 768 56 413
3114 971 2851 1479 1074 1999
773 1005 1297 954 1346 164
1910 1733 1849 1101 2490 1390
738 382 3796 1770 2242 1095
3959 1873 3518 1217 2545 11
2472 1363 2099 1555 3836 373
891 803 3695 900 3890 1388
2815 868 495 746 1200 482
3552 1645 3076 715 3593 338
3678 659 153 1157 1320 1162
301 827 1622 1553 3585 681
31 102 559 920 3412 889
3829 136 2820 1660 3901 225
2414 578 3729 265 190 666
3103 266 643 865 2309 1195
1927 1732 1589 1236 2096 414
2918 815 1280 1861 1666 230
436 1623 3292 1341 3896 220
2174 302 1640 1249 3877 1757
529 65 2403 1516 3967 601
3583 1692 1650 1998 1186 46
284 386 286 1045 73 1615
807 1688 1067 265 2029 1759
2006 478 2903 1320 2769 1906
846 1807 12 711 1522 830
3054 1379 3449 1775 2621 147
70 1154 2436 154 118 914
522 593 1419 262 889 1094
1148 474 3170 134 1044 455
1238 1958 1634 257 2565 1403
2293 1673 1017 1807 3630 1101
1890 1456 2327 881 3898 802
2423 1445 1550 689 3812 1472
2676 249 2828 64 1324 1086
1650 113 1372 1823 448 817
1572 84 941 253 1396 674
3802 1500 3311 1806 2908 882
1256 1719 1556 290 2995 177
1374 1495 3781 1475 3724 268
2979 1862 2626 335 3256 33
828 141 1274 940 1319 1938
234 1997 3339 1624 2801 603
2721 442 1955 501 3928 436
1840 352 3223 990 3381 1831
3106 682 166 1866 2137 1837
2068 257 736 572 1697 851
2749 214 2603 1283 2956 572
506 1694 1925 115 2873 475
3745 1305 1963 606 1628 1367
554 723 70 1913 2117 1524
3771 799 2182 952 2608 1733
1758 456 1314 741 3807 981
195 145 1881 1698 1253 935
1050 962 1793 1182 469 1761
3157 1806 434 354 908 1943
2286 85 1367 1145 827 387
557 1679 3948 274 366 369
2346 1248 2170 753 3905 133
2018 493 3310 1277 2215 111
1153 247 760 1101 3486 1962
715 1609 3078 325 1938 420
128 1399 3542 1557 3286 1843
492 71 1504 1073 2770 1562
1230 739 1474 167 2137 1263
931 1007 3909 132 1950 1921
99 869 3196 78 3796 673
3812 955 3836 28 3096 364
2063 1215 3421 1121 3585 1787
3885 381 90 252 2925 10
3943 1074 2828 1381 84 1920
3300 1874 1811 1151 2951 1001
3704 657 66 1408 596 1330
459 831 2854 1992 736 896
2115 1950 2822 1661 3354 1248
2885 1351 1740 1802 3272 1538
2445 974 1977 5 692 1463
1619 1198 1062 837 3026 1074
3294 1212 3013 358 2867 1976
1587 1036 855 354 2563 1256
1705 407 2952 1334 1726 803
3430 1240 303 2000 2215 73
3251 563 656 1759 2004 841
3578 1261 677 588 3165 775
1352 985 279 57 2551 1849
3617 340 1230 1906 2985 410
2307 1866 3674 887 3559 791
170 923 1518 1009 2236 1962
2360 1813 1693 59 2085 62
1247 1001 3432 1474 712 179
3708 551 3994 1648 1715 1124
264 1702 3745 1064 3099 1014
2469 1486 238 994 1692 1864
2734 1930 702 1148 1585 1298
1123 300 477 673 877 1183
1498 1348 2848 967 1396 670
3622 760 2569 961 1864 1931
342 1861 3556 979 2248 1564
67 1002 2079 859 92 1133
3361 898 3088 991 1310 188
318 1639 1221 1169 1212 1148
3532 586 508 777 2228 807
2658 1126 563 1900 1453 341
1411 1230 762 917 3695 1041
3889 1501 2441 210 1082 1180
1433 294 1789 699 2088 974
1473 563 821 964 1813 813
2196 1654 3305 897 1155 1122
3174 1604 2596 1256 2685 1323
2407 455 2738 771 3560 651
1112 394 3607 599 1117 303
595 1956 1980 416 1865 1654
3092 1754 2751 996 3130 1059
1322 146 3157 411 3419 1696
2383 1636 2871 1625 548 338
1099 367 2791 721 1411 1558
3294 1947 2463 265 417 1073
1552 541 2653 1285 3920 1622
1129 985 1188 254 140 1092
1982 1276 1025 1543 3886 613
2881 1707 3406 1153 1240 1877
3567 1658 310 1040 933 1046
1068 1520 1854 1163 1846 665
1488 633 3217 1825 2534 1510
2201 1999 2507 1932 111 324
1641 1546 1490 1084 1730 1008
2459 746 2466 1305 1863 149
1267 1745 3544 116 570 911
3685 1918 3047 1778 35 1171
1571 707 3853 875 2924 1155
3320 1214 3569 610 1192 695
2525 1493 3259 1634 2378 1042
325 1617 1406 1787 3850 928
837 860 1452 671 3053 1781
3421 1242 2502 1395 1958 390
3110 1750 1695 943 1727 720
2110 1855 3883 1503 1285 327
639 576 821 1871 3727 787
1136 334 261 1163 2491 530
3995 1795 3732 1239 3111 195
3608 71 2855 716 151 1864
3289 361 3201 298 663 1742
1881 213 1757 1870 1273 812
2187 1037 102 53 1842 813
881 1908 2185 67 1128 1673
2140 1617 3965 723 3862 878
2468 542 533 288 176 536
2791 1732 7 1082 1041 1763
2458 734 1260 928 674 1075
337 1440 654 888 1359 1859
3008 1832 1847 600 2494 569
255 175 3531 1489 31 1767
1103 69 2532 1087 2588 1696
2781 562 2134 954 391 1140
681 1135 3582 1483 912 1354
1441 1498 1981 706 1948 28
3824 1865 3714 1311 1766 6
414 451 2693 1643 2984 292
3210 614 2969 959 2595 1611
3083 1868 1566 324 2739 510
3620 684 3816 1522 3521 165
2740 1107 2680 1519 2084 1891
715 867 2340 631 1560 1929
2602 1351 3720 1361 1899 1665
3677 333 1179 1859 662 1415
1576 136 791 1528 1820 10
297 563 1349 696 910 1776
3734 245 1108 37 3215 1946
1110 803 1861 1760 3842 1671
1245 1366 3334 1668 713 460
2316 625 1158 298 444 1687
2132 462 2039 914 1887 1574
942 904 820 179 1004 1620
2223 1461 2592 213 2296 1369
170 1877 245 1294 3463 1560
2583 1910 1807 1602 801 372
249 1269 250 863 1850 996
1758 999 3060 1474 2969 493
2914 656 2498 1120 946 866
508 887 1118 548 1394 80
2429 1393 674 904 1880 436
2640 1418 95 42 3583 312
1457 104 2524 588 426 1694
1902 407 2950 121 2501 1114
1985 920 29 629 513 1946
1248 21 1823 329 2120 159
1276 424 3888 635 1729 1385
3442 1852 3428 550 2479 1627
88 1130 2284 1724 3340 1915
803 370 420 1818 2433 1498
1430 1673 776 1030 1848 1684
2751 900 492 1564 3529 987
576 1259 3955 1988 1538 286
1872 88 956 520 1399 177
2923 1577 939 721 106 1472
2751 1016 429 305 235 90
3952 96 1968 853 3128 1687
849 1246 3648 982 1056 1105
3008 1247 2236 1128 2734 954
2257 635 2026 926 129 368
2274 97 1124 805 265 1338
783 1687 1205 1254 577 43
3288 847 3333 1933 468 1542
850 418 1535 11 1453 487
430 1545 314 1527 714 1387
362 990 534 1725 1146 287
1324 671 2321 6 2458 1689
2392 612 2086 1838 805 1531
3218 1963 3298 1536 286 154
3844 470 3012 834 3314 199
3751 1558 3574 76 2309 566
2728 1987 922 1574 1184 565
1831 1280 2615 1069 3069 94
3831 1276 1284 925 982 1458
2678 1507 318 1852 2317 703
3226 912 504 310 1128 1976
3099 1178 1455 1313 2911 1963
3969 1229 785 309 3627 260
2823 1406 3282 542 341 1025
3037 481 2315 1814 3190 1611
3608 1584 300 102 3663 1434
1335 1690 3071 165 1201 1848
1863 1989 2619 1231 553 1608
586 1569 1794 571 1051 624
1373 941 1906 69 3099 750
771 1153 138 1637 1213 1529
3260 837 378 627 1721 919
3256 160 3939 810 3658 501
1824 50 1644 1869 112 1177
999 190 1081 1028 3813 1083
3768 1050 892 572 2300 1094
277 1117 3299 1195 2985 1144
3185 1712 1495 1368 959 1604
3753 1562 3910 1568 3279 470
1857 632 2659 1682 883 1866
758 444 2009 1912 2692 1814
334 440 2947 791 388 565
1299 1942 1468 340 1922 1022
3713 1978 2364 1819 1636 962
760 921 3831 277 1277 1842
3633 732 1183 1311 1607 980
3136 442 443 1407 1198 1740
3199 103 3463 195 2309 46
1412 75 1950 1958 320 918
3724 270 1445 841 1694 1262
3843 1586 697 1875 2331 1921
565 1743 3614 631 547 555
2257 1830 3967 1421 1145 1330
3764 1741 2757 1172 55 1923
19 751 145 1386 2923 874
1974 570 2055 1993 1026 1848
2956 1459 378 143 45 808
277 1100 638 451 2444 1570
3151 161 118 402 3858 76
2422 1893 556 539 2181 198
1598 956 2101 1733 2488 727
2799 1390 2998 1309 2144 1352
255 427 2707 267 1190 1532
2630 1062 1681 1553 796 735
3260 947 1900 133 120 818
902 718 1561 980 3958 76
856 297 1450 1335 1754 1947
1263 1809 1496 1889 321 384
951 927 2547 671 1586 1505
3595 1813 2502 657 3075 434
2658 1850 3258 854 2351 1361
3914 1317 2743 1055 441 1856
3347 1706 2765 1782 1174 110
3661 893 1357 1381 3764 1776
2892 575 482 1646 3269 1451
3116 692 2670 342 2432 1953
2137 1991 1813 1673 2309 811
2058 221 1560 219 1665 346
3088 1876 2976 74 3642 1876
479 976 3096 389 3259 1093
162 394 3502 751 1585 637
2532 1374 2728 117 3331 742
2666 674 3227 1229 394 797
2460 1301 1183 36 3868 660
3306 559 3852 569 282 943
3605 1084 1024 1379 2259 359
3105 1225 3538 405 2809 1419
838 676 1570 1913 1134 1101
2111 36 2789 1907 3182 411
2622 1509 3771 1948 989 57
2344 117 1882 252 1233 1781
829 1270 1669 1992 1740 803
3191 1205 3556 734 1163 1757
2789 1347 2366 1493 3786 373
2148 1875 3108 1666 3663 1013
2266 1327 1256 554 3027 888
1634 876 3174 1361 1800 1880
3477 491 2009 1442 1490 357
3168 950 2283 951 967 949
3354 730 3072 1632 2820 1122
802 1254 2023 1566 29 1219
78 1335 1149 1674 3145 1349
635 152 3465 269 750 1830
2409 695 3198 941 957 779
2242 768 413 1982 1417 1149
3913 587 385 1961 2673 1532
3472 407 1548 1910 440 1836
3291 400 2900 63 1302 1080
1555 505 1741 591 225 489
3277 752 3576 1299 693 1243
3486 72 719 409 3477 1322
3401 1868 3539 1006 3540 494
3939 1632 2850 114 1967 1003
3371 633 455 234 2553 1586
1421 1360 3739 723 464 319
3947 912 2513 159 3566 1797
3390 503 543 1911 2403 219
1481 151 1719 723 3419 499
755 802 1771 1652 2028 322
3131 963 2867 904 2020 58
1462 748 2903 204 3654 1343
2002 490 3617 593 1462 1301
3670 769 2262 1561 3513 575
1182 1250 916 1768 3341 1626
2832 1687 30 1601 687 852
1206 1951 2290 1609 2089 1883
1018 1304 2709 927 2186 1764
1583 1105 3260 1939 1840 1136
1905 1387 232 1376 2351 1712
3366 504 1872 191 990 1864
3674 742 444 483 3844 1506
2138 229 1620 1754 1995 1142
1425 1941 3219 1394 3533 1654
59 257 1998 950 2232 637
2589 659 30 1893 3724 1662
3491 1133 3617 1274 162 230
3779 954 315 714 1842 220
1625 1345 3254 1230 2182 858
2485 1016 3093 125 1949 1586
3649 552 828 643 1979 100
239 1405 3264 1609 2752 57
2759 351 3976 219 4000 300
47 1179 2086 342 1803 1153
3643 481 1053 1702 3008 1564
2612 1109 1342 422 136 1280
3609 130 2290 850 3180 771
2347 843 590 60 1041 578
2157 865 3149 1706 2724 1953
461 446 2770 253 2737 1068
1967 1236 2027 1536 2383 1781
1501 1737 2602 1376 110 1821
36 95 2142 1962 239 300
3837 1916 1004 920 312 655
3075 129 677 1928 669 496
3977 666 1988 1387 3929 394
3920 1234 1860 393 979 288
159 1903 3722 440 1339 945
2153 379 3365 1884 358 502
2134 815 3649 723 1910 334
2826 1358 2948 810 1115 1815
2945 1226 1579 680 10 1900
1681 678 1305 205 1607 1478
1260 1171 3818 1044 3614 55
2229 211 1845 216 3385 591
1683 225 554 778 648 504
679 70 1704 1651 3281 241
2396 252 2003 1455 86 9
1577 61 3331 1519 3043 54
3731 392 1768 953 2035 487
1079 1731 655 534 1567 1862
2786 1619 3793 1726 2302 1419
15 915 1950 991 688 894
2937 221 3927 1358 1318 432
2272 1651 3301 859 742 554
3108 1241 1061 1053 2677 753
170 1513 2549 1335 3531 1541
1886 415 3704 673 1408 145
1303 1029 23 1682 3589 1271
979 976 3057 551 2495 1498
