3 400
1357 1905 3140 1401 1030 381
2650 802 556 1056 1724 1905
1774 107 3675 1522 2925 1812
1307 964 1182 1853 2887 1966
3806 746 3595 111 1391 1179
2687 1353 962 1895 44 603
43 1957 2030 1186 420 424
3092 1668 3507 1851 1827 217
185 1542 2642 1269 3750 887
834 629 3438 901 3187 1926
40 462 3858 1472 3322 1058
1183 1391 2937 1568 1806 1764
2048 1628 376 1018 740 1263
1097 643 839 1355 1644 629
1838 1732 706 1925 1681 1361
234 1118 749 920 286 883
3314 1881 298 615 1299 1544
737 1285 694 552 955 1738
779 777 387 190 3611 1995
2312 1949 2801 695 2657 611
2576 189 3133 1143 2782 92
3078 1541 1517 266 1388 1646
2781 478 1538 224 3209 969
705 1812 844 520 3191 976
3409 1917 2639 1239 3910 760
323 1714 3123 217 681 1284
1660 1556 2489 1520 3975 1383
3729 1188 3834 1827 2166 124
693 1383 3417 1808 771 881
2361 640 2938 543 579 321
2433 1538 71 1323 1777 1004
554 1825 3245 1828 3302 1906
913 317 731 1741 40 1913
3586 1909 2312 1270 323 817
2636 727 2426 1851 2003 1577
1000 457 380 478 1162 1508
482 1337 2310 635 1269 802
3704 1082 2830 775 2106 1831
3635 1174 3829 513 2382 1146
1362 1526 3684 445 192 1960
2049 417 171 514 1759 1218
2552 1909 627 1261 2098 1535
3939 640 1490 1123 2184 578
219 898 61 81 2634 1809
812 351 422 542 90 1714
901 1552 2698 1221 1865 1871
2513 1572 2372 127 2791 1030
242 584 177 1390 582 1271
826 1226 3084 748 489 312
3278 799 1213 910 86 1824
86 1065 3 1817 3648 938
14 454 1782 995 376 1433
1327 1893 3896 742 2274 391
2773 1286 1829 812 2029 1750
2469 1838 1286 550 3587 728
3835 963 3017 108 2575 1323
1031 428 2132 1432 3981 1696
3853 1712 2000 1110 1492 1054
1868 197 3317 1966 3792 650
1544 863 1729 1498 2729 85
457 1607 2408 1747 1245 79
3174 1064 3292 152 1337 1803
192 1004 193 1210 3598 964
2318 1925 782 1462 3380 1539
2232 1374 2503 352 3340 929
396 828 1697 1924 3951 864
2365 1649 3821 147 3992 567
2499 658 3370 791 2806 1824
1410 307 3162 367 469 1292
2990 214 3938 516 1711 183
3646 1018 2741 1583 2878 1792
3394 1028 2330 741 1925 1946
1779 90 3918 1088 251 1629
1058 372 1794 1589 3233 1199
2933 1459 2929 485 1685 328
3099 173 3453 1998 3847 371
2178 978 896 705 1340 655
138 1610 399 850 2334 853
2082 1753 2614 195 2002 163
2302 1127 2800 653 2677 1838
805 272 2630 20 3314 542
22 1617 563 1513 2599 983
3213 1085 1090 1652 3492 1986
99 536 2009 1163 1400 1807
1533 1780 3876 1165 683 297
3564 676 3084 774 635 1140
29 6 1526 1612 3815 53
3808 1375 1612 328 3919 1656
2221 291 1423 1322 749 1189
3499 1885 3058 1276 1531 633
3124 408 3782 1865 222 1916
781 671 347 252 170 862
1027 1041 3904 1444 3755 268
3249 378 2191 1579 3813 1649
3297 491 3220 1454 3823 1363
213 220 468 319 515 927
721 186 3611 1968 312 499
3736 1542 3114 1629 3524 949
868 731 3515 1892 2255 281
960 303 3060 155 1624 368
1380 939 2995 264 3754 162
2848 96 202 233 3317 1428
3510 1671 981 848 21 1823
457 334 1346 408 1560 54
3888 666 781 670 1319 889
984 965 1009 1001 187 1972
2721 1482 2927 1777 3504 1802
1286 525 2982 949 1672 1689
2716 1432 555 1121 1031 1699
738 1325 464 1302 984 1434
1251 1832 3452 637 1720 506
2728 1698 571 1982 3617 322
3815 169 2656 128 432 1630
3683 1533 1623 1723 3337 958
1247 1945 2067 694 1401 674
123 862 1725 927 2303 1169
1234 1946 3600 459 247 576
252 1240 1109 1196 313 1113
611 673 366 339 3852 58
2576 1676 778 1282 2897 1073
928 1700 386 1616 3335 1823
53 857 3918 1217 1785 1462
1807 1711 3332 1049 3446 666
274 1420 2597 349 3740 1863
2574 946 811 1295 748 168
178 24 241 1069 1711 510
2678 1825 2658 360 2000 266
1795 962 394 1944 197 1459
3384 1498 3786 1862 1951 1269
3520 1079 264 36 3368 790
1256 61 2050 1833 789 1559
1424 1728 3538 125 2544 1801
3913 192 1646 1817 124 1338
3085 1528 2993 624 3277 1847
2573 1969 547 25 2747 558
463 1670 3373 1902 3051 1074
3875 598 460 267 3893 1892
298 1513 3060 781 1741 1866
3479 821 1828 456 156 706
2542 236 1021 962 784 1008
3955 1743 2347 388 1479 72
1323 280 3535 1112 521 365
3447 1830 1529 581 2848 1919
2936 337 1203 385 2282 1280
1621 1830 1787 1902 1551 1419
3373 1646 2740 1101 1784 1284
1393 1368 555 1753 484 1908
3874 1318 47 363 3417 1583
938 955 3935 540 266 1628
3022 474 3062 329 1637 1539
2482 1183 387 199 3057 778
3854 923 2901 920 1454 1801
376 825 931 512 72 735
2519 135 1766 692 867 1103
2945 1622 401 980 3686 841
953 268 149 1629 1495 1198
2628 1479 2214 1977 1773 1467
2097 981 3805 1619 3421 634
890 1846 1179 969 3715 664
2139 1806 1017 333 3065 382
2421 1007 2834 1512 442 718
2290 1810 634 294 1414 1559
1115 1052 1819 814 1319 762
2588 302 1393 859 1953 1516
327 265 1768 1578 101 585
241 341 3023 871 3984 1167
1917 687 3248 1906 404 1534
2991 792 1632 1742 1630 48
2573 599 2223 990 1407 609
19 674 3868 697 2787 830
3911 1673 1541 354 1224 1802
872 1559 2374 1944 2795 325
2863 558 1962 389 1189 668
929 1766 3007 1524 3410 694
839 620 3220 1945 682 220
3893 102 2356 1568 284 246
2178 1619 1604 706 2822 1727
3822 899 2028 1736 731 355
378 1048 2581 121 2216 1862
1178 100 2221 1578 2204 1172
2599 901 2944 632 3018 1564
3416 143 1082 1561 2752 1698
2961 1605 997 942 3307 637
611 1384 2334 523 1524 273
3113 885 1264 1090 3883 1913
2597 1830 1699 1294 1553 923
2586 1286 235 1059 3211 1095
161 906 2592 248 1119 9
1429 134 3642 699 711 1974
742 1025 3599 514 260 1832
1625 1651 1766 678 929 338
1187 706 240 619 1844 1336
1787 1009 1272 246 981 647
22 987 3503 301 1079 302
3640 43 80 1533 1548 813
3756 882 1677 1238 1683 151
776 392 3766 154 1654 1160
1724 1642 3946 459 3663 148
198 1810 1994 1852 1101 692
3950 1558 278 165 3971 1899
0 62 3181 1849 1454 1582
3444 405 719 817 1756 1826
1091 1343 397 944 536 480
1274 323 489 939 2719 1556
1488 851 3148 8 2741 1296
328 949 556 1606 3926 816
282 1681 176 1854 559 1928
238 586 1670 1753 3111 1276
3669 735 2425 1347 1499 823
3098 655 2504 597 2397 1521
2790 1688 2430 240 2452 451
2871 613 3740 1232 2373 1574
650 658 31 1836 869 362
1864 493 2462 1984 3518 1191
3302 558 1609 1454 1580 710
1927 298 531 720 2166 1979
3497 574 1023 1155 1965 239
3091 1952 3641 1867 253 263
1970 1775 3455 1712 2949 1174
3309 40 732 322 3853 1734
564 287 2322 1278 498 1881
2003 43 2462 999 1709 931
2371 19 467 737 3062 1024
3097 1301 2408 1215 2795 1965
3081 1416 3804 189 2630 306
2230 412 1702 1649 2027 578
2724 1185 608 1547 1786 881
3821 1288 2775 77 2344 218
3993 487 637 723 2299 1606
2704 591 2900 610 3831 541
343 1544 1272 1351 20 1098
1981 1763 3228 1653 2318 732
2039 1146 865 533 1380 455
3812 1369 1996 308 577 1003
1354 15 485 1576 1488 807
2821 1977 1605 1430 371 1983
3096 1499 242 1175 2573 1947
790 287 237 59 733 173
3654 1568 1378 1025 3644 1808
2357 1729 3721 452 2194 457
2757 575 2322 325 672 1246
374 1257 2320 1430 1019 903
1120 1754 1887 146 1427 374
644 546 2133 252 2372 874
2174 1921 3794 1121 1549 1992
697 314 1794 1745 3208 1613
1072 354 1721 443 3970 1164
2307 996 2168 1908 62 1113
1140 311 1063 624 1165 1893
2439 1479 1709 1698 266 125
2985 160 2572 997 3741 714
305 119 3195 1230 1904 990
426 1591 2094 1412 1097 1106
3223 763 2508 1103 3372 357
2448 873 1571 120 2519 34
2963 987 3150 67 3813 1826
1365 1637 3493 289 2477 1037
3268 282 1186 764 1150 1544
373 134 2005 135 2088 1675
241 387 2305 1741 3785 1798
2691 454 841 133 1615 842
2281 508 1678 472 2114 324
1463 1674 1276 1276 3333 1429
1258 629 2299 603 1025 414
2625 1384 287 853 3667 770
3611 637 514 1126 1326 1976
1914 592 110 713 3894 1331
3066 1481 402 1723 2903 959
2207 1447 3376 1482 3365 498
1646 1084 3715 978 2774 798
2383 1761 1020 709 2240 793
2675 224 3047 692 3627 398
1886 807 1141 1395 1287 793
459 107 2942 5 3944 1952
2194 1346 16 1896 1917 1501
322 1843 2599 1558 3612 459
3354 1362 1435 644 3610 1245
3708 554 2895 404 111 1304
2803 1468 3566 1675 354 1484
1999 1327 1379 886 3563 1630
632 460 1519 1423 39 115
3786 729 3960 1214 94 597
506 1973 2809 1746 2413 1905
1225 108 2938 1940 406 645
407 1733 1898 662 3855 421
2217 1394 107 1064 2072 535
402 1337 1011 758 3516 444
66 619 2579 990 3985 2
3617 1070 1405 1739 1569 951
1308 884 43 1040 3194 1329
3602 694 2283 89 1199 168
1415 975 1134 1752 49 1043
286 1701 1540 1319 3664 911
3041 360 3604 1684 2175 1295
3691 987 1534 748 2295 1588
510 1784 1982 1936 1033 463
1612 415 53 1321 565 575
3228 1174 1408 114 2378 556
439 1246 3689 1398 1712 1507
3710 1081 3328 1942 1900 324
585 1227 2919 1179 3351 369
3848 1166 1390 1170 1872 395
1789 1252 373 1678 3787 1058
1491 862 3545 798 2631 1531
3789 1739 225 1199 946 728
2030 1422 3259 1305 2703 1814
1732 1983 1279 1154 1950 396
3733 1246 1650 537 1203 1098
1912 974 3455 504 1251 735
3964 1982 2949 1062 122 520
2186 295 3351 1533 2074 437
3030 1015 907 70 3327 901
1609 98 3985 1087 3460 36
2588 370 3992 235 1167 402
2229 1466 2174 1894 47 1458
68 1632 1302 386 1494 1004
2983 1023 1977 1042 3289 961
1525 955 151 1324 184 652
2628 134 3645 1229 2797 83
375 787 3236 639 1305 1788
1640 1537 2503 853 2147 305
2453 1367 2353 860 3447 1260
2027 746 1222 1557 3405 523
2811 1625 2580 1787 492 630
991 75 3905 313 1286 1768
724 1542 3867 353 514 1544
3371 1629 1416 1644 2276 1241
310 602 3982 1850 2046 614
2811 97 2418 67 3136 1403
1228 1390 3733 869 3261 1973
2589 695 1527 1367 1828 1455
872 1966 420 800 522 1132
40 107 1036 1781 631 1924
2512 1085 442 1227 3793 1813
3520 759 3644 693 1335 131
807 863 3006 1072 3936 390
3837 1283 2626 934 3830 601
1146 1988 3867 1824 3878 464
3097 493 881 1280 2197 856
2226 1065 1044 1700 3587 124
891 744 3298 236 2268 138
341 185 1442 84 2644 1873
2775 997 3874 711 523 1500
2782 1327 330 79 3304 539
968 436 2024 1669 649 280
2817 659 2591 1530 2547 811
2209 0 3520 1350 690 940
1665 368 3710 1350 228 1931
2719 1640 2499 1161 1671 1661
3918 79 1407 489 2818 204
3186 1683 1970 1822 597 1539
1841 477 1883 1415 876 1316
1737 1113 3265 1871 1117 1875
982 221 1586 411 1438 375
3804 132 3871 1115 1571 816
547 1741 2459 1572 2374 1007
857 846 74 114 2256 1320
2955 11 3600 1818 2145 484
2901 405 3860 1316 1488 1027
31 902 1258 778 3732 978
2714 1456 506 1900 993 353
261 191 2132 1884 1863 1012
2734 1239 2302 962 1001 825
2547 838 3870 1531 1047 1670
548 1190 2837 101 873 22
2916 613 1753 1627 3355 1759
1913 1368 1288 1024 3327 1327
1593 669 1456 1390 2952 694
3255 571 3156 249 213 457
2900 158 2856 737 2122 464
2574 1476 872 1510 2455 26
1406 483 806 102 980 72
2696 650 2731 948 28 1723
769 1276 1826 26 3392 1321
3814 1770 3567 695 349 140
706 698 639 373 2920 1122
3249 902 3628 922 3912 1756
527 1158 1483 1501 1172 170
1370 1180 3082 979 192 1380
682 37 2163 248 1258 744
1615 730 579 680 124 398
738 1524 3749 62 345 1229
1546 181 1323 1366 2560 1477
1242 138 1877 1126 2740 467
872 607 1093 808 2198 410
1898 1048 586 827 2841 1560
1394 1245 1625 569 610 1240
1499 780 2626 1396 2635 427
2780 833 1831 892 357 1527
2049 393 3174 84 2315 1469
3144 912 2252 742 2708 1747
515 1741 2904 1698 3154 148
2335 1929 1220 1056 3420 1683
647 1885 1336 1859 3110 800
2886 1495 2135 1833 3253 1407
2296 1280 412 1810 1627 901
574 639 318 130 294 1002
2681 1803 1226 124 600 1704
1495 396 2864 568 2886 1191
1030 1238 1860 1161 2436 140
