2 200
1357 1905 3140 1401
2650 802 556 1056
1774 107 3675 1522
1307 964 1182 1853
3806 746 3595 111
2687 1353 962 1895
43 1957 2030 1186
3092 1668 3507 1851
185 1542 2642 1269
834 629 3438 901
40 462 3858 1472
1183 1391 2937 1568
2048 1628 376 1018
1097 643 839 1355
1838 1732 706 1925
234 1118 749 920
3314 1881 298 615
737 1285 694 552
779 777 387 190
2312 1949 2801 695
2576 189 3133 1143
3078 1541 1517 266
2781 478 1538 224
705 1812 844 520
3409 1917 2639 1239
323 1714 3123 217
1660 1556 2489 1520
3729 1188 3834 1827
693 1383 3417 1808
2361 640 2938 543
2433 1538 71 1323
554 1825 3245 1828
913 317 731 1741
3586 1909 2312 1270
2636 727 2426 1851
1000 457 380 478
482 1337 2310 635
3704 1082 2830 775
3635 1174 3829 513
1362 1526 3684 445
2049 417 171 514
2552 1909 627 1261
3939 640 1490 1123
219 898 61 81
812 351 422 542
901 1552 2698 1221
2513 1572 2372 127
242 584 177 1390
826 1226 3084 748
3278 799 1213 910
86 1065 3 1817
14 454 1782 995
1327 1893 3896 742
2773 1286 1829 812
2469 1838 1286 550
3835 963 3017 108
1031 428 2132 1432
3853 1712 2000 1110
1868 197 3317 1966
1544 863 1729 1498
457 1607 2408 1747
3174 1064 3292 152
192 1004 193 1210
2318 1925 782 1462
2232 1374 2503 352
396 828 1697 1924
2365 1649 3821 147
2499 658 3370 791
1410 307 3162 367
2990 214 3938 516
3646 1018 2741 1583
3394 1028 2330 741
1779 90 3918 1088
1058 372 1794 1589
2933 1459 2929 485
3099 173 3453 1998
2178 978 896 705
138 1610 399 850
2082 1753 2614 195
2302 1127 2800 653
805 272 2630 20
22 1617 563 1513
3213 1085 1090 1652
99 536 2009 1163
1533 1780 3876 1165
3564 676 3084 774
29 6 1526 1612
3808 1375 1612 328
2221 291 1423 1322
3499 1885 3058 1276
3124 408 3782 1865
781 671 347 252
1027 1041 3904 1444
3249 378 2191 1579
3297 491 3220 1454
213 220 468 319
721 186 3611 1968
3736 1542 3114 1629
868 731 3515 1892
960 303 3060 155
1380 939 2995 264
2848 96 202 233
3510 1671 981 848
457 334 1346 408
3888 666 781 670
984 965 1009 1001
2721 1482 2927 1777
1286 525 2982 949
2716 1432 555 1121
738 1325 464 1302
1251 1832 3452 637
2728 1698 571 1982
3815 169 2656 128
3683 1533 1623 1723
1247 1945 2067 694
123 862 1725 927
1234 1946 3600 459
252 1240 1109 1196
611 673 366 339
2576 1676 778 1282
928 1700 386 1616
53 857 3918 1217
1807 1711 3332 1049
274 1420 2597 349
2574 946 811 1295
178 24 241 1069
2678 1825 2658 360
1795 962 394 1944
3384 1498 3786 1862
3520 1079 264 36
1256 61 2050 1833
1424 1728 3538 125
3913 192 1646 1817
3085 1528 2993 624
2573 1969 547 25
463 1670 3373 1902
3875 598 460 267
298 1513 3060 781
3479 821 1828 456
2542 236 1021 962
3955 1743 2347 388
1323 280 3535 1112
3447 1830 1529 581
2936 337 1203 385
1621 1830 1787 1902
3373 1646 2740 1101
1393 1368 555 1753
3874 1318 47 363
938 955 3935 540
3022 474 3062 329
2482 1183 387 199
3854 923 2901 920
376 825 931 512
2519 135 1766 692
2945 1622 401 980
953 268 149 1629
2628 1479 2214 1977
2097 981 3805 1619
890 1846 1179 969
2139 1806 1017 333
2421 1007 2834 1512
2290 1810 634 294
1115 1052 1819 814
2588 302 1393 859
327 265 1768 1578
241 341 3023 871
1917 687 3248 1906
2991 792 1632 1742
2573 599 2223 990
19 674 3868 697
3911 1673 1541 354
872 1559 2374 1944
2863 558 1962 389
929 1766 3007 1524
839 620 3220 1945
3893 102 2356 1568
2178 1619 1604 706
3822 899 2028 1736
378 1048 2581 121
1178 100 2221 1578
2599 901 2944 632
3416 143 1082 1561
2961 1605 997 942
611 1384 2334 523
3113 885 1264 1090
2597 1830 1699 1294
2586 1286 235 1059
161 906 2592 248
1429 134 3642 699
742 1025 3599 514
1625 1651 1766 678
1187 706 240 619
1787 1009 1272 246
22 987 3503 301
3640 43 80 1533
3756 882 1677 1238
776 392 3766 154
1724 1642 3946 459
198 1810 1994 1852
3950 1558 278 165
