4 400
1357 1905 3140 1401 1030 381 402 745
2650 802 556 1056 1724 1905 720 211
1774 107 3675 1522 2925 1812 120 1403
1307 964 1182 1853 2887 1966 2187 723
3806 746 3595 111 1391 1179 3438 1968
2687 1353 962 1895 44 603 2154 1474
43 1957 2030 1186 420 424 3619 248
3092 1668 3507 1851 1827 217 2803 699
185 1542 2642 1269 3750 887 644 949
834 629 3438 901 3187 1926 661 1687
40 462 3858 1472 3322 1058 3651 1403
1183 1391 2937 1568 1806 1764 425 955
2048 1628 376 1018 740 1263 3241 6
1097 643 839 1355 1644 629 3300 1499
1838 1732 706 1925 1681 1361 2891 297
234 1118 749 920 286 883 138 1317
3314 1881 298 615 1299 1544 2895 663
737 1285 694 552 955 1738 2609 480
779 777 387 190 3611 1995 1280 730
2312 1949 2801 695 2657 611 1417 30
2576 189 3133 1143 2782 92 2238 1898
3078 1541 1517 266 1388 1646 3523 1575
2781 478 1538 224 3209 969 3258 1780
705 1812 844 520 3191 976 1019 1197
3409 1917 2639 1239 3910 760 2008 1107
323 1714 3123 217 681 1284 1811 27
1660 1556 2489 1520 3975 1383 2331 475
3729 1188 3834 1827 2166 124 3647 1679
693 1383 3417 1808 771 881 2380 233
2361 640 2938 543 579 321 3903 711
2433 1538 71 1323 1777 1004 3950 357
554 1825 3245 1828 3302 1906 2343 1740
913 317 731 1741 40 1913 2785 1215
3586 1909 2312 1270 323 817 3955 1749
2636 727 2426 1851 2003 1577 2592 438
1000 457 380 478 1162 1508 1148 938
482 1337 2310 635 1269 802 1269 1354
3704 1082 2830 775 2106 1831 1095 1489
3635 1174 3829 513 2382 1146 2746 857
1362 1526 3684 445 192 1960 1774 43
2049 417 171 514 1759 1218 3920 1216
2552 1909 627 1261 2098 1535 3179 1178
3939 640 1490 1123 2184 578 1733 172
219 898 61 81 2634 1809 1161 1435
812 351 422 542 90 1714 1591 1776
901 1552 2698 1221 1865 1871 676 490
2513 1572 2372 127 2791 1030 2618 1946
242 584 177 1390 582 1271 3806 757
826 1226 3084 748 489 312 252 147
3278 799 1213 910 86 1824 690 919
86 1065 3 1817 3648 938 3701 478
14 454 1782 995 376 1433 2442 685
1327 1893 3896 742 2274 391 1769 487
2773 1286 1829 812 2029 1750 3854 751
2469 1838 1286 550 3587 728 3105 1448
3835 963 3017 108 2575 1323 1774 488
1031 428 2132 1432 3981 1696 1145 1640
3853 1712 2000 1110 1492 1054 1589 376
1868 197 3317 1966 3792 650 1172 167
1544 863 1729 1498 2729 85 409 1882
457 1607 2408 1747 1245 79 327 1982
3174 1064 3292 152 1337 1803 3777 1291
192 1004 193 1210 3598 964 379 1362
2318 1925 782 1462 3380 1539 3620 294
2232 1374 2503 352 3340 929 1113 674
396 828 1697 1924 3951 864 3370 821
2365 1649 3821 147 3992 567 2219 72
2499 658 3370 791 2806 1824 2385 277
1410 307 3162 367 469 1292 3551 441
2990 214 3938 516 1711 183 3952 1154
3646 1018 2741 1583 2878 1792 3685 303
3394 1028 2330 741 1925 1946 514 1782
1779 90 3918 1088 251 1629 699 689
1058 372 1794 1589 3233 1199 792 1520
2933 1459 2929 485 1685 328 2629 1895
3099 173 3453 1998 3847 371 3979 1540
2178 978 896 705 1340 655 631 1212
138 1610 399 850 2334 853 1040 1840
2082 1753 2614 195 2002 163 748 1439
2302 1127 2800 653 2677 1838 3008 995
805 272 2630 20 3314 542 3637 1641
22 1617 563 1513 2599 983 2425 363
3213 1085 1090 1652 3492 1986 3927 141
99 536 2009 1163 1400 1807 1988 440
1533 1780 3876 1165 683 297 1284 1270
3564 676 3084 774 635 1140 3075 1436
29 6 1526 1612 3815 53 531 1852
3808 1375 1612 328 3919 1656 2831 1560
2221 291 1423 1322 749 1189 677 1114
3499 1885 3058 1276 1531 633 3059 1688
3124 408 3782 1865 222 1916 3666 668
781 671 347 252 170 862 434 929
1027 1041 3904 1444 3755 268 3033 789
3249 378 2191 1579 3813 1649 212 1703
3297 491 3220 1454 3823 1363 257 1739
213 220 468 319 515 927 3400 1814
721 186 3611 1968 312 499 3429 86
3736 1542 3114 1629 3524 949 896 1247
868 731 3515 1892 2255 281 3528 1438
960 303 3060 155 1624 368 2520 1045
1380 939 2995 264 3754 162 2092 1492
2848 96 202 233 3317 1428 1423 113
3510 1671 981 848 21 1823 1803 1849
457 334 1346 408 1560 54 203 1685
3888 666 781 670 1319 889 3737 1677
984 965 1009 1001 187 1972 2605 1332
2721 1482 2927 1777 3504 1802 193 1160
1286 525 2982 949 1672 1689 2533 1062
2716 1432 555 1121 1031 1699 388 560
738 1325 464 1302 984 1434 1883 1691
1251 1832 3452 637 1720 506 3945 980
2728 1698 571 1982 3617 322 597 1686
3815 169 2656 128 432 1630 3397 428
3683 1533 1623 1723 3337 958 892 1864
1247 1945 2067 694 1401 674 3345 1515
123 862 1725 927 2303 1169 1431 1334
1234 1946 3600 459 247 576 2650 464
252 1240 1109 1196 313 1113 2278 436
611 673 366 339 3852 58 3299 281
2576 1676 778 1282 2897 1073 2202 244
928 1700 386 1616 3335 1823 2176 1421
53 857 3918 1217 1785 1462 1260 1295
1807 1711 3332 1049 3446 666 3043 692
274 1420 2597 349 3740 1863 1488 1515
2574 946 811 1295 748 168 2479 347
178 24 241 1069 1711 510 3703 1105
2678 1825 2658 360 2000 266 1714 1567
1795 962 394 1944 197 1459 747 1937
3384 1498 3786 1862 1951 1269 1620 716
3520 1079 264 36 3368 790 2022 1312
1256 61 2050 1833 789 1559 2265 1916
1424 1728 3538 125 2544 1801 1481 946
3913 192 1646 1817 124 1338 1154 1549
3085 1528 2993 624 3277 1847 2238 382
2573 1969 547 25 2747 558 3114 298
463 1670 3373 1902 3051 1074 315 1420
3875 598 460 267 3893 1892 2717 1116
298 1513 3060 781 1741 1866 1842 618
3479 821 1828 456 156 706 1855 1388
2542 236 1021 962 784 1008 395 302
3955 1743 2347 388 1479 72 1700 1930
1323 280 3535 1112 521 365 2075 1000
3447 1830 1529 581 2848 1919 2270 88
2936 337 1203 385 2282 1280 2083 1026
1621 1830 1787 1902 1551 1419 1562 685
3373 1646 2740 1101 1784 1284 2311 290
1393 1368 555 1753 484 1908 1817 1131
3874 1318 47 363 3417 1583 1341 1261
938 955 3935 540 266 1628 3674 190
3022 474 3062 329 1637 1539 2304 1197
2482 1183 387 199 3057 778 3324 1172
3854 923 2901 920 1454 1801 3452 607
376 825 931 512 72 735 716 266
2519 135 1766 692 867 1103 3717 214
2945 1622 401 980 3686 841 560 1577
953 268 149 1629 1495 1198 824 1822
2628 1479 2214 1977 1773 1467 2211 1698
2097 981 3805 1619 3421 634 245 89
890 1846 1179 969 3715 664 623 1958
2139 1806 1017 333 3065 382 3323 310
2421 1007 2834 1512 442 718 3620 201
2290 1810 634 294 1414 1559 7 646
1115 1052 1819 814 1319 762 302 680
2588 302 1393 859 1953 1516 3015 804
327 265 1768 1578 101 585 2304 221
241 341 3023 871 3984 1167 1916 1615
1917 687 3248 1906 404 1534 798 1951
2991 792 1632 1742 1630 48 210 746
2573 599 2223 990 1407 609 2074 1351
19 674 3868 697 2787 830 1551 429
3911 1673 1541 354 1224 1802 3426 784
872 1559 2374 1944 2795 325 404 142
2863 558 1962 389 1189 668 550 985
929 1766 3007 1524 3410 694 3533 952
839 620 3220 1945 682 220 33 1685
3893 102 2356 1568 284 246 3021 683
2178 1619 1604 706 2822 1727 493 1517
3822 899 2028 1736 731 355 718 1825
378 1048 2581 121 2216 1862 82 1431
1178 100 2221 1578 2204 1172 3991 1816
2599 901 2944 632 3018 1564 1796 687
3416 143 1082 1561 2752 1698 482 1760
2961 1605 997 942 3307 637 1477 273
611 1384 2334 523 1524 273 2773 1307
3113 885 1264 1090 3883 1913 2999 213
2597 1830 1699 1294 1553 923 3399 1837
2586 1286 235 1059 3211 1095 3477 934
161 906 2592 248 1119 9 3825 374
1429 134 3642 699 711 1974 413 1310
742 1025 3599 514 260 1832 3771 1670
1625 1651 1766 678 929 338 1929 237
1187 706 240 619 1844 1336 3877 1511
1787 1009 1272 246 981 647 1187 1065
22 987 3503 301 1079 302 278 1687
3640 43 80 1533 1548 813 1027 602
3756 882 1677 1238 1683 151 2908 1612
776 392 3766 154 1654 1160 3772 423
1724 1642 3946 459 3663 148 3868 1147
198 1810 1994 1852 1101 692 3809 1311
3950 1558 278 165 3971 1899 3625 806
0 62 3181 1849 1454 1582 267 725
3444 405 719 817 1756 1826 733 1884
1091 1343 397 944 536 480 3820 1923
1274 323 489 939 2719 1556 3745 1616
1488 851 3148 8 2741 1296 3687 1413
328 949 556 1606 3926 816 150 1320
282 1681 176 1854 559 1928 452 1174
238 586 1670 1753 3111 1276 521 381
3669 735 2425 1347 1499 823 1465 1027
3098 655 2504 597 2397 1521 3581 1900
2790 1688 2430 240 2452 451 2237 940
2871 613 3740 1232 2373 1574 2714 1155
650 658 31 1836 869 362 1303 1327
1864 493 2462 1984 3518 1191 42 123
3302 558 1609 1454 1580 710 421 617
1927 298 531 720 2166 1979 3940 1736
3497 574 1023 1155 1965 239 3244 368
3091 1952 3641 1867 253 263 770 1620
1970 1775 3455 1712 2949 1174 2976 1573
3309 40 732 322 3853 1734 746 796
564 287 2322 1278 498 1881 1952 1541
2003 43 2462 999 1709 931 3973 1879
2371 19 467 737 3062 1024 727 425
3097 1301 2408 1215 2795 1965 2829 818
3081 1416 3804 189 2630 306 187 942
2230 412 1702 1649 2027 578 2086 1903
2724 1185 608 1547 1786 881 569 1143
3821 1288 2775 77 2344 218 1708 1127
3993 487 637 723 2299 1606 3223 569
2704 591 2900 610 3831 541 3812 353
343 1544 1272 1351 20 1098 2082 1739
1981 1763 3228 1653 2318 732 3042 1456
2039 1146 865 533 1380 455 1513 525
3812 1369 1996 308 577 1003 3281 1499
1354 15 485 1576 1488 807 517 814
2821 1977 1605 1430 371 1983 3835 1584
3096 1499 242 1175 2573 1947 1995 873
790 287 237 59 733 173 3717 1872
3654 1568 1378 1025 3644 1808 106 1335
2357 1729 3721 452 2194 457 776 1806
2757 575 2322 325 672 1246 2008 154
374 1257 2320 1430 1019 903 2212 225
1120 1754 1887 146 1427 374 3334 1569
644 546 2133 252 2372 874 1166 946
2174 1921 3794 1121 1549 1992 2899 24
697 314 1794 1745 3208 1613 3981 1394
1072 354 1721 443 3970 1164 772 507
2307 996 2168 1908 62 1113 2558 753
1140 311 1063 624 1165 1893 2274 622
2439 1479 1709 1698 266 125 944 658
2985 160 2572 997 3741 714 1863 493
305 119 3195 1230 1904 990 1862 1349
426 1591 2094 1412 1097 1106 2875 658
3223 763 2508 1103 3372 357 935 563
2448 873 1571 120 2519 34 3946 858
2963 987 3150 67 3813 1826 3862 1725
1365 1637 3493 289 2477 1037 3659 806
3268 282 1186 764 1150 1544 300 195
373 134 2005 135 2088 1675 2454 1385
241 387 2305 1741 3785 1798 907 1441
2691 454 841 133 1615 842 613 809
2281 508 1678 472 2114 324 543 1797
1463 1674 1276 1276 3333 1429 853 253
1258 629 2299 603 1025 414 1961 721
2625 1384 287 853 3667 770 673 974
3611 637 514 1126 1326 1976 2211 1859
1914 592 110 713 3894 1331 1917 749
3066 1481 402 1723 2903 959 1721 479
2207 1447 3376 1482 3365 498 2187 853
1646 1084 3715 978 2774 798 2052 1232
2383 1761 1020 709 2240 793 757 685
2675 224 3047 692 3627 398 2771 355
1886 807 1141 1395 1287 793 519 829
459 107 2942 5 3944 1952 1081 166
2194 1346 16 1896 1917 1501 3827 1929
322 1843 2599 1558 3612 459 3679 51
3354 1362 1435 644 3610 1245 1701 365
3708 554 2895 404 111 1304 3097 443
2803 1468 3566 1675 354 1484 2535 479
1999 1327 1379 886 3563 1630 2184 46
632 460 1519 1423 39 115 1484 1706
3786 729 3960 1214 94 597 3241 633
506 1973 2809 1746 2413 1905 2751 889
1225 108 2938 1940 406 645 368 1797
407 1733 1898 662 3855 421 1053 1723
2217 1394 107 1064 2072 535 3629 340
402 1337 1011 758 3516 444 3021 1052
66 619 2579 990 3985 2 480 625
3617 1070 1405 1739 1569 951 3507 1655
1308 884 43 1040 3194 1329 186 795
3602 694 2283 89 1199 168 1647 1096
1415 975 1134 1752 49 1043 3062 305
286 1701 1540 1319 3664 911 2141 456
3041 360 3604 1684 2175 1295 1196 16
3691 987 1534 748 2295 1588 3605 1375
510 1784 1982 1936 1033 463 1283 1186
1612 415 53 1321 565 575 740 1120
3228 1174 1408 114 2378 556 1981 1876
439 1246 3689 1398 1712 1507 3209 1226
3710 1081 3328 1942 1900 324 2870 498
585 1227 2919 1179 3351 369 401 1196
3848 1166 1390 1170 1872 395 3482 849
1789 1252 373 1678 3787 1058 1010 711
1491 862 3545 798 2631 1531 3208 1305
3789 1739 225 1199 946 728 2802 1423
2030 1422 3259 1305 2703 1814 1232 1655
1732 1983 1279 1154 1950 396 2042 773
3733 1246 1650 537 1203 1098 2433 1288
1912 974 3455 504 1251 735 2148 1390
3964 1982 2949 1062 122 520 2151 1208
2186 295 3351 1533 2074 437 2045 1169
3030 1015 907 70 3327 901 3458 794
1609 98 3985 1087 3460 36 2567 567
2588 370 3992 235 1167 402 3484 1996
2229 1466 2174 1894 47 1458 3954 1353
68 1632 1302 386 1494 1004 319 1224
2983 1023 1977 1042 3289 961 1342 1415
1525 955 151 1324 184 652 1153 1796
2628 134 3645 1229 2797 83 2628 776
375 787 3236 639 1305 1788 589 1779
1640 1537 2503 853 2147 305 2502 1369
2453 1367 2353 860 3447 1260 3884 748
2027 746 1222 1557 3405 523 2518 714
2811 1625 2580 1787 492 630 2161 38
991 75 3905 313 1286 1768 593 1414
724 1542 3867 353 514 1544 1437 1004
3371 1629 1416 1644 2276 1241 1968 223
310 602 3982 1850 2046 614 1481 1501
2811 97 2418 67 3136 1403 2861 753
1228 1390 3733 869 3261 1973 666 1938
2589 695 1527 1367 1828 1455 1170 1169
872 1966 420 800 522 1132 1884 921
40 107 1036 1781 631 1924 892 910
2512 1085 442 1227 3793 1813 1288 406
3520 759 3644 693 1335 131 3759 784
807 863 3006 1072 3936 390 3812 298
3837 1283 2626 934 3830 601 3862 694
1146 1988 3867 1824 3878 464 1350 315
3097 493 881 1280 2197 856 2323 1111
2226 1065 1044 1700 3587 124 3582 1023
891 744 3298 236 2268 138 3547 1977
341 185 1442 84 2644 1873 1629 1368
2775 997 3874 711 523 1500 1169 267
2782 1327 330 79 3304 539 716 297
968 436 2024 1669 649 280 3505 1131
2817 659 2591 1530 2547 811 3961 1050
2209 0 3520 1350 690 940 2915 1385
1665 368 3710 1350 228 1931 599 611
2719 1640 2499 1161 1671 1661 295 868
3918 79 1407 489 2818 204 3493 107
3186 1683 1970 1822 597 1539 886 1392
1841 477 1883 1415 876 1316 1134 1493
1737 1113 3265 1871 1117 1875 600 1754
982 221 1586 411 1438 375 3574 983
3804 132 3871 1115 1571 816 1824 513
547 1741 2459 1572 2374 1007 2178 1549
857 846 74 114 2256 1320 3665 1126
2955 11 3600 1818 2145 484 1458 1267
2901 405 3860 1316 1488 1027 864 803
31 902 1258 778 3732 978 1032 1887
2714 1456 506 1900 993 353 416 1416
261 191 2132 1884 1863 1012 667 1210
2734 1239 2302 962 1001 825 3381 1191
2547 838 3870 1531 1047 1670 1367 376
548 1190 2837 101 873 22 3878 1050
2916 613 1753 1627 3355 1759 1998 1094
1913 1368 1288 1024 3327 1327 1959 1543
1593 669 1456 1390 2952 694 2853 832
3255 571 3156 249 213 457 1682 1274
2900 158 2856 737 2122 464 595 1572
2574 1476 872 1510 2455 26 3465 1159
1406 483 806 102 980 72 2267 293
2696 650 2731 948 28 1723 2865 1240
769 1276 1826 26 3392 1321 3423 1745
3814 1770 3567 695 349 140 2598 1899
706 698 639 373 2920 1122 2167 1703
3249 902 3628 922 3912 1756 1175 860
527 1158 1483 1501 1172 170 417 574
1370 1180 3082 979 192 1380 346 1776
682 37 2163 248 1258 744 717 1274
1615 730 579 680 124 398 282 1298
738 1524 3749 62 345 1229 2895 404
1546 181 1323 1366 2560 1477 1221 291
1242 138 1877 1126 2740 467 3983 1951
872 607 1093 808 2198 410 2074 798
1898 1048 586 827 2841 1560 1743 1863
1394 1245 1625 569 610 1240 1352 120
1499 780 2626 1396 2635 427 3353 871
2780 833 1831 892 357 1527 2615 1131
2049 393 3174 84 2315 1469 186 1255
3144 912 2252 742 2708 1747 3325 120
515 1741 2904 1698 3154 148 163 32
2335 1929 1220 1056 3420 1683 1305 502
647 1885 1336 1859 3110 800 3267 6
2886 1495 2135 1833 3253 1407 1259 694
2296 1280 412 1810 1627 901 2326 238
574 639 318 130 294 1002 1854 358
2681 1803 1226 124 600 1704 225 1193
1495 396 2864 568 2886 1191 430 1195
1030 1238 1860 1161 2436 140 864 1744
