3 300
1357 1905 3140 1401 1 1354
2650 802 556 1056 3747 1594
1774 107 3675 1522 1018 643
1307 964 1182 1853 3085 1529
3806 746 3595 111 849 158
2687 1353 962 1895 500 766
43 1957 2030 1186 621 1416
3092 1668 3507 1851 1171 1075
185 1542 2642 1269 903 867
834 629 3438 901 145 199
40 462 3858 1472 1752 123
1183 1391 2937 1568 925 955
2048 1628 376 1018 280 197
1097 643 839 1355 1797 805
1838 1732 706 1925 2074 1630
234 1118 749 920 463 472
3314 1881 298 615 602 1863
737 1285 694 552 1256 587
779 777 387 190 407 1133
2312 1949 2801 695 157 206
2576 189 3133 1143 2055 1535
3078 1541 1517 266 63 213
2781 478 1538 224 2997 674
705 1812 844 520 1413 679
3409 1917 2639 1239 817 449
323 1714 3123 217 564 1958
1660 1556 2489 1520 2961 417
3729 1188 3834 1827 720 1240
693 1383 3417 1808 2522 126
2361 640 2938 543 48 784
2433 1538 71 1323 3674 1364
554 1825 3245 1828 269 764
913 317 731 1741 2596 201
3586 1909 2312 1270 922 368
2636 727 2426 1851 2396 1909
1000 457 380 478 1977 1789
482 1337 2310 635 2816 1387
3704 1082 2830 775 1808 718
3635 1174 3829 513 2543 1485
1362 1526 3684 445 852 1383
2049 417 171 514 3835 991
2552 1909 627 1261 2795 1283
3939 640 1490 1123 859 409
219 898 61 81 1472 1522
812 351 422 542 3609 418
901 1552 2698 1221 2103 913
2513 1572 2372 127 2330 1864
242 584 177 1390 1629 1140
826 1226 3084 748 3738 495
3278 799 1213 910 690 171
86 1065 3 1817 2638 439
14 454 1782 995 2870 472
1327 1893 3896 742 2242 1719
2773 1286 1829 812 1285 417
2469 1838 1286 550 2294 164
3835 963 3017 108 885 214
1031 428 2132 1432 509 1657
3853 1712 2000 1110 3631 1233
1868 197 3317 1966 3517 1270
1544 863 1729 1498 673 66
457 1607 2408 1747 2309 860
3174 1064 3292 152 96 1933
192 1004 193 1210 1284 1182
2318 1925 782 1462 1857 14
2232 1374 2503 352 1529 677
396 828 1697 1924 669 1882
2365 1649 3821 147 2098 752
2499 658 3370 791 3695 1749
1410 307 3162 367 279 1859
2990 214 3938 516 3313 329
3646 1018 2741 1583 3314 821
3394 1028 2330 741 97 426
1779 90 3918 1088 1624 1038
1058 372 1794 1589 2090 1221
2933 1459 2929 485 1072 87
3099 173 3453 1998 3634 1250
2178 978 896 705 1492 308
138 1610 399 850 974 910
2082 1753 2614 195 1344 737
2302 1127 2800 653 2327 1893
805 272 2630 20 1530 149
22 1617 563 1513 976 826
3213 1085 1090 1652 2827 50
99 536 2009 1163 227 1492
1533 1780 3876 1165 9 1976
3564 676 3084 774 1724 410
29 6 1526 1612 1397 671
3808 1375 1612 328 2764 768
2221 291 1423 1322 3870 1963
3499 1885 3058 1276 2051 1016
3124 408 3782 1865 808 1598
781 671 347 252 3520 1191
1027 1041 3904 1444 2051 985
3249 378 2191 1579 1413 480
3297 491 3220 1454 1121 1055
213 220 468 319 368 1657
721 186 3611 1968 1884 1230
3736 1542 3114 1629 960 207
868 731 3515 1892 3278 1568
960 303 3060 155 932 835
1380 939 2995 264 2186 1432
2848 96 202 233 3098 343
3510 1671 981 848 351 1581
457 334 1346 408 1463 1501
3888 666 781 670 325 1046
984 965 1009 1001 3472 770
2721 1482 2927 1777 313 1866
1286 525 2982 949 1060 1183
2716 1432 555 1121 244 1283
738 1325 464 1302 1148 1191
1251 1832 3452 637 170 722
2728 1698 571 1982 3960 1530
3815 169 2656 128 29 818
3683 1533 1623 1723 1336 1735
1247 1945 2067 694 3352 1518
123 862 1725 927 256 1056
1234 1946 3600 459 1291 1405
252 1240 1109 1196 2926 77
611 673 366 339 519 703
2576 1676 778 1282 1824 1828
928 1700 386 1616 785 1116
53 857 3918 1217 668 498
1807 1711 3332 1049 971 1383
274 1420 2597 349 761 1369
2574 946 811 1295 3534 457
178 24 241 1069 2274 1698
2678 1825 2658 360 461 385
1795 962 394 1944 965 940
3384 1498 3786 1862 2419 1585
3520 1079 264 36 3760 460
1256 61 2050 1833 618 1635
1424 1728 3538 125 3863 798
3913 192 1646 1817 3834 1867
3085 1528 2993 624 3665 92
2573 1969 547 25 1937 953
463 1670 3373 1902 2929 739
3875 598 460 267 1966 1028
298 1513 3060 781 3496 1817
3479 821 1828 456 536 428
2542 236 1021 962 589 634
3955 1743 2347 388 2164 324
1323 280 3535 1112 3741 654
3447 1830 1529 581 3909 1616
2936 337 1203 385 1827 319
1621 1830 1787 1902 1927 1490
3373 1646 2740 1101 3964 1729
1393 1368 555 1753 2989 855
3874 1318 47 363 2075 1640
938 955 3935 540 3866 273
3022 474 3062 329 856 357
2482 1183 387 199 2067 2000
3854 923 2901 920 3855 47
376 825 931 512 317 1206
2519 135 1766 692 548 1048
2945 1622 401 980 2395 39
953 268 149 1629 150 1208
2628 1479 2214 1977 2427 1898
2097 981 3805 1619 2483 0
890 1846 1179 969 1579 1657
2139 1806 1017 333 280 1335
2421 1007 2834 1512 2592 1871
2290 1810 634 294 47 962
1115 1052 1819 814 1330 1605
2588 302 1393 859 649 1102
327 265 1768 1578 417 1776
241 341 3023 871 3818 198
1917 687 3248 1906 133 834
2991 792 1632 1742 3372 491
2573 599 2223 990 3642 1880
19 674 3868 697 640 113
3911 1673 1541 354 1108 773
872 1559 2374 1944 3885 996
2863 558 1962 389 876 71
929 1766 3007 1524 841 271
839 620 3220 1945 1810 599
3893 102 2356 1568 3727 1430
2178 1619 1604 706 3997 1750
3822 899 2028 1736 3419 352
378 1048 2581 121 443 615
1178 100 2221 1578 1584 995
2599 901 2944 632 394 428
3416 143 1082 1561 1723 596
2961 1605 997 942 2029 185
611 1384 2334 523 2704 403
3113 885 1264 1090 3009 487
2597 1830 1699 1294 2978 152
2586 1286 235 1059 2777 1583
161 906 2592 248 3326 462
1429 134 3642 699 2138 390
742 1025 3599 514 3395 1389
1625 1651 1766 678 2583 427
1187 706 240 619 3360 457
1787 1009 1272 246 2646 296
22 987 3503 301 2304 721
3640 43 80 1533 541 542
3756 882 1677 1238 2983 332
776 392 3766 154 84 36
1724 1642 3946 459 1761 1041
198 1810 1994 1852 3463 1728
3950 1558 278 165 1587 1408
0 62 3181 1849 1503 1718
3444 405 719 817 2388 1953
1091 1343 397 944 3581 1697
1274 323 489 939 1830 878
1488 851 3148 8 572 1697
328 949 556 1606 1575 1360
282 1681 176 1854 1562 1095
238 586 1670 1753 357 1151
3669 735 2425 1347 930 1035
3098 655 2504 597 416 281
2790 1688 2430 240 852 422
2871 613 3740 1232 2752 845
650 658 31 1836 2121 1761
1864 493 2462 1984 3833 349
3302 558 1609 1454 3185 1284
1927 298 531 720 623 87
3497 574 1023 1155 553 158
3091 1952 3641 1867 1331 1023
1970 1775 3455 1712 2914 853
3309 40 732 322 19 1052
564 287 2322 1278 1566 1594
2003 43 2462 999 3608 1993
2371 19 467 737 1579 1103
3097 1301 2408 1215 3016 1440
3081 1416 3804 189 1404 1906
2230 412 1702 1649 78 288
2724 1185 608 1547 3524 1741
3821 1288 2775 77 2104 341
3993 487 637 723 3137 1229
2704 591 2900 610 2557 305
343 1544 1272 1351 1610 1568
1981 1763 3228 1653 1956 772
2039 1146 865 533 327 1893
3812 1369 1996 308 3427 1140
1354 15 485 1576 2095 35
2821 1977 1605 1430 3889 1928
3096 1499 242 1175 1746 243
790 287 237 59 1376 958
3654 1568 1378 1025 2036 1324
2357 1729 3721 452 3398 1006
2757 575 2322 325 1016 1493
374 1257 2320 1430 3578 644
1120 1754 1887 146 531 272
644 546 2133 252 1169 557
2174 1921 3794 1121 2355 1935
697 314 1794 1745 1531 389
1072 354 1721 443 3626 386
2307 996 2168 1908 3567 918
1140 311 1063 624 3122 603
2439 1479 1709 1698 23 980
2985 160 2572 997 3164 1093
305 119 3195 1230 2263 277
426 1591 2094 1412 3238 1832
3223 763 2508 1103 268 1200
2448 873 1571 120 388 1081
2963 987 3150 67 1191 1363
1365 1637 3493 289 1222 542
3268 282 1186 764 2631 801
373 134 2005 135 3565 108
241 387 2305 1741 3453 935
2691 454 841 133 2006 194
2281 508 1678 472 3457 1845
1463 1674 1276 1276 3514 613
1258 629 2299 603 2559 1719
2625 1384 287 853 1251 1546
3611 637 514 1126 68 1382
1914 592 110 713 740 36
3066 1481 402 1723 1274 144
2207 1447 3376 1482 256 737
1646 1084 3715 978 3368 1863
2383 1761 1020 709 1333 1720
2675 224 3047 692 1751 1848
1886 807 1141 1395 1661 1571
459 107 2942 5 946 482
2194 1346 16 1896 2401 153
322 1843 2599 1558 857 578
3354 1362 1435 644 1479 1095
3708 554 2895 404 3390 620
2803 1468 3566 1675 2307 979
1999 1327 1379 886 710 1892
632 460 1519 1423 3301 1343
3786 729 3960 1214 1441 359
506 1973 2809 1746 2106 1429
1225 108 2938 1940 3840 1059
407 1733 1898 662 2315 34
2217 1394 107 1064 2776 310
402 1337 1011 758 3418 1007
66 619 2579 990 470 641
3617 1070 1405 1739 1101 804
1308 884 43 1040 2975 552
3602 694 2283 89 148 308
1415 975 1134 1752 669 1674
286 1701 1540 1319 2461 889
3041 360 3604 1684 1892 1377
3691 987 1534 748 3701 1979
510 1784 1982 1936 1557 1493
1612 415 53 1321 1256 905
3228 1174 1408 114 1045 1109
439 1246 3689 1398 3995 1722
3710 1081 3328 1942 539 1016
