4 100
1380 939 3140 1401 1357 1905 2995 264
2848 96 556 1056 2650 802 202 233
3510 1671 3675 1522 1774 107 981 848
457 334 1182 1853 1307 964 1346 408
3888 666 3595 111 3806 746 781 670
984 965 962 1895 2687 1353 1009 1001
2721 1482 2030 1186 43 1957 2927 1777
1286 525 3507 1851 3092 1668 2982 949
2716 1432 2642 1269 185 1542 555 1121
738 1325 3438 901 834 629 464 1302
1251 1832 3858 1472 40 462 3452 637
2728 1698 2937 1568 1183 1391 571 1982
3815 169 376 1018 2048 1628 2656 128
3683 1533 839 1355 1097 643 1623 1723
1247 1945 706 1925 1838 1732 2067 694
123 862 749 920 234 1118 1725 927
1234 1946 298 615 3314 1881 3600 459
252 1240 694 552 737 1285 1109 1196
611 673 387 190 779 777 366 339
2576 1676 2801 695 2312 1949 778 1282
928 1700 3133 1143 2576 189 386 1616
53 857 1517 266 3078 1541 3918 1217
1807 1711 1538 224 2781 478 3332 1049
274 1420 844 520 705 1812 2597 349
2574 946 2639 1239 3409 1917 811 1295
178 24 3123 217 323 1714 241 1069
2678 1825 2489 1520 1660 1556 2658 360
1795 962 3834 1827 3729 1188 394 1944
3384 1498 3417 1808 693 1383 3786 1862
3520 1079 2938 543 2361 640 264 36
1256 61 71 1323 2433 1538 2050 1833
1424 1728 3245 1828 554 1825 3538 125
3913 192 731 1741 913 317 1646 1817
3085 1528 2312 1270 3586 1909 2993 624
2573 1969 2426 1851 2636 727 547 25
463 1670 380 478 1000 457 3373 1902
3875 598 2310 635 482 1337 460 267
298 1513 2830 775 3704 1082 3060 781
3479 821 3829 513 3635 1174 1828 456
2542 236 3684 445 1362 1526 1021 962
3955 1743 171 514 2049 417 2347 388
1323 280 627 1261 2552 1909 3535 1112
3447 1830 1490 1123 3939 640 1529 581
2936 337 61 81 219 898 1203 385
1621 1830 422 542 812 351 1787 1902
3373 1646 2698 1221 901 1552 2740 1101
1393 1368 2372 127 2513 1572 555 1753
3874 1318 177 1390 242 584 47 363
938 955 3084 748 826 1226 3935 540
3022 474 1213 910 3278 799 3062 329
2482 1183 3 1817 86 1065 387 199
3854 923 1782 995 14 454 2901 920
376 825 3896 742 1327 1893 931 512
2519 135 1829 812 2773 1286 1766 692
2945 1622 1286 550 2469 1838 401 980
953 268 3017 108 3835 963 149 1629
2628 1479 2132 1432 1031 428 2214 1977
2097 981 2000 1110 3853 1712 3805 1619
890 1846 3317 1966 1868 197 1179 969
2139 1806 1729 1498 1544 863 1017 333
2421 1007 2408 1747 457 1607 2834 1512
2290 1810 3292 152 3174 1064 634 294
1115 1052 193 1210 192 1004 1819 814
2588 302 782 1462 2318 1925 1393 859
327 265 2503 352 2232 1374 1768 1578
241 341 1697 1924 396 828 3023 871
1917 687 3821 147 2365 1649 3248 1906
2991 792 3370 791 2499 658 1632 1742
2573 599 3162 367 1410 307 2223 990
19 674 3938 516 2990 214 3868 697
3911 1673 2741 1583 3646 1018 1541 354
872 1559 2330 741 3394 1028 2374 1944
2863 558 3918 1088 1779 90 1962 389
929 1766 1794 1589 1058 372 3007 1524
839 620 2929 485 2933 1459 3220 1945
3893 102 3453 1998 3099 173 2356 1568
2178 1619 896 705 2178 978 1604 706
3822 899 399 850 138 1610 2028 1736
378 1048 2614 195 2082 1753 2581 121
1178 100 2800 653 2302 1127 2221 1578
2599 901 2630 20 805 272 2944 632
3416 143 563 1513 22 1617 1082 1561
2961 1605 1090 1652 3213 1085 997 942
611 1384 2009 1163 99 536 2334 523
3113 885 3876 1165 1533 1780 1264 1090
2597 1830 3084 774 3564 676 1699 1294
2586 1286 1526 1612 29 6 235 1059
161 906 1612 328 3808 1375 2592 248
1429 134 1423 1322 2221 291 3642 699
742 1025 3058 1276 3499 1885 3599 514
1625 1651 3782 1865 3124 408 1766 678
1187 706 347 252 781 671 240 619
1787 1009 3904 1444 1027 1041 1272 246
22 987 2191 1579 3249 378 3503 301
3640 43 3220 1454 3297 491 80 1533
3756 882 468 319 213 220 1677 1238
776 392 3611 1968 721 186 3766 154
1724 1642 3114 1629 3736 1542 3946 459
198 1810 3515 1892 868 731 1994 1852
3950 1558 3060 155 960 303 278 165
