3 100
1380 939 3140 1401 1357 1905
2848 96 556 1056 2650 802
3510 1671 3675 1522 1774 107
457 334 1182 1853 1307 964
3888 666 3595 111 3806 746
984 965 962 1895 2687 1353
2721 1482 2030 1186 43 1957
1286 525 3507 1851 3092 1668
2716 1432 2642 1269 185 1542
738 1325 3438 901 834 629
1251 1832 3858 1472 40 462
2728 1698 2937 1568 1183 1391
3815 169 376 1018 2048 1628
3683 1533 839 1355 1097 643
1247 1945 706 1925 1838 1732
123 862 749 920 234 1118
1234 1946 298 615 3314 1881
252 1240 694 552 737 1285
611 673 387 190 779 777
2576 1676 2801 695 2312 1949
928 1700 3133 1143 2576 189
53 857 1517 266 3078 1541
1807 1711 1538 224 2781 478
274 1420 844 520 705 1812
2574 946 2639 1239 3409 1917
178 24 3123 217 323 1714
2678 1825 2489 1520 1660 1556
1795 962 3834 1827 3729 1188
3384 1498 3417 1808 693 1383
3520 1079 2938 543 2361 640
1256 61 71 1323 2433 1538
1424 1728 3245 1828 554 1825
3913 192 731 1741 913 317
3085 1528 2312 1270 3586 1909
2573 1969 2426 1851 2636 727
463 1670 380 478 1000 457
3875 598 2310 635 482 1337
298 1513 2830 775 3704 1082
3479 821 3829 513 3635 1174
2542 236 3684 445 1362 1526
3955 1743 171 514 2049 417
1323 280 627 1261 2552 1909
3447 1830 1490 1123 3939 640
2936 337 61 81 219 898
1621 1830 422 542 812 351
3373 1646 2698 1221 901 1552
1393 1368 2372 127 2513 1572
3874 1318 177 1390 242 584
938 955 3084 748 826 1226
3022 474 1213 910 3278 799
2482 1183 3 1817 86 1065
3854 923 1782 995 14 454
376 825 3896 742 1327 1893
2519 135 1829 812 2773 1286
2945 1622 1286 550 2469 1838
953 268 3017 108 3835 963
2628 1479 2132 1432 1031 428
2097 981 2000 1110 3853 1712
890 1846 3317 1966 1868 197
2139 1806 1729 1498 1544 863
2421 1007 2408 1747 457 1607
2290 1810 3292 152 3174 1064
1115 1052 193 1210 192 1004
2588 302 782 1462 2318 1925
327 265 2503 352 2232 1374
241 341 1697 1924 396 828
1917 687 3821 147 2365 1649
2991 792 3370 791 2499 658
2573 599 3162 367 1410 307
19 674 3938 516 2990 214
3911 1673 2741 1583 3646 1018
872 1559 2330 741 3394 1028
2863 558 3918 1088 1779 90
929 1766 1794 1589 1058 372
839 620 2929 485 2933 1459
3893 102 3453 1998 3099 173
2178 1619 896 705 2178 978
3822 899 399 850 138 1610
378 1048 2614 195 2082 1753
1178 100 2800 653 2302 1127
2599 901 2630 20 805 272
3416 143 563 1513 22 1617
2961 1605 1090 1652 3213 1085
611 1384 2009 1163 99 536
3113 885 3876 1165 1533 1780
2597 1830 3084 774 3564 676
2586 1286 1526 1612 29 6
161 906 1612 328 3808 1375
1429 134 1423 1322 2221 291
742 1025 3058 1276 3499 1885
1625 1651 3782 1865 3124 408
1187 706 347 252 781 671
1787 1009 3904 1444 1027 1041
22 987 2191 1579 3249 378
3640 43 3220 1454 3297 491
3756 882 468 319 213 220
776 392 3611 1968 721 186
1724 1642 3114 1629 3736 1542
198 1810 3515 1892 868 731
3950 1558 3060 155 960 303
