2 100
1380 939 3140 1401
2848 96 556 1056
3510 1671 3675 1522
457 334 1182 1853
3888 666 3595 111
984 965 962 1895
2721 1482 2030 1186
1286 525 3507 1851
2716 1432 2642 1269
738 1325 3438 901
1251 1832 3858 1472
2728 1698 2937 1568
3815 169 376 1018
3683 1533 839 1355
1247 1945 706 1925
123 862 749 920
1234 1946 298 615
252 1240 694 552
611 673 387 190
2576 1676 2801 695
928 1700 3133 1143
53 857 1517 266
1807 1711 1538 224
274 1420 844 520
2574 946 2639 1239
178 24 3123 217
2678 1825 2489 1520
1795 962 3834 1827
3384 1498 3417 1808
3520 1079 2938 543
1256 61 71 1323
1424 1728 3245 1828
3913 192 731 1741
3085 1528 2312 1270
2573 1969 2426 1851
463 1670 380 478
3875 598 2310 635
298 1513 2830 775
3479 821 3829 513
2542 236 3684 445
3955 1743 171 514
1323 280 627 1261
3447 1830 1490 1123
2936 337 61 81
1621 1830 422 542
3373 1646 2698 1221
1393 1368 2372 127
3874 1318 177 1390
938 955 3084 748
3022 474 1213 910
2482 1183 3 1817
3854 923 1782 995
376 825 3896 742
2519 135 1829 812
2945 1622 1286 550
953 268 3017 108
2628 1479 2132 1432
2097 981 2000 1110
890 1846 3317 1966
2139 1806 1729 1498
2421 1007 2408 1747
2290 1810 3292 152
1115 1052 193 1210
2588 302 782 1462
327 265 2503 352
241 341 1697 1924
1917 687 3821 147
2991 792 3370 791
2573 599 3162 367
19 674 3938 516
3911 1673 2741 1583
872 1559 2330 741
2863 558 3918 1088
929 1766 1794 1589
839 620 2929 485
3893 102 3453 1998
2178 1619 896 705
3822 899 399 850
378 1048 2614 195
1178 100 2800 653
2599 901 2630 20
3416 143 563 1513
2961 1605 1090 1652
611 1384 2009 1163
3113 885 3876 1165
2597 1830 3084 774
2586 1286 1526 1612
161 906 1612 328
1429 134 1423 1322
742 1025 3058 1276
1625 1651 3782 1865
1187 706 347 252
1787 1009 3904 1444
22 987 2191 1579
3640 43 3220 1454
3756 882 468 319
776 392 3611 1968
1724 1642 3114 1629
198 1810 3515 1892
3950 1558 3060 155
