4 200
1357 1905 3140 1401 3322 1445 3648 1140
2650 802 556 1056 3523 1366 2874 1705
1774 107 3675 1522 3619 451 2124 1320
1307 964 1182 1853 2014 1269 2501 675
3806 746 3595 111 1867 1227 1569 1520
2687 1353 962 1895 414 1047 2256 1780
43 1957 2030 1186 2031 1139 2789 109
3092 1668 3507 1851 1749 35 698 805
185 1542 2642 1269 2285 1400 1202 152
834 629 3438 901 1895 1728 2565 1015
40 462 3858 1472 2011 870 39 1026
1183 1391 2937 1568 1108 918 3372 1158
2048 1628 376 1018 2454 1786 1150 258
1097 643 839 1355 3271 1305 252 1533
1838 1732 706 1925 256 797 3340 529
234 1118 749 920 808 1940 343 157
3314 1881 298 615 3283 342 3483 1815
737 1285 694 552 3564 788 1423 557
779 777 387 190 2615 1540 3854 67
2312 1949 2801 695 979 461 863 1480
2576 189 3133 1143 1038 560 3534 1746
3078 1541 1517 266 1122 853 2982 362
2781 478 1538 224 3963 1450 3114 559
705 1812 844 520 3308 559 1661 1311
3409 1917 2639 1239 3947 1526 1770 1784
323 1714 3123 217 2686 1812 3754 1524
1660 1556 2489 1520 431 1664 1243 1030
3729 1188 3834 1827 1473 1583 3662 827
693 1383 3417 1808 2598 991 79 796
2361 640 2938 543 3 210 2003 1400
2433 1538 71 1323 3152 1046 3405 910
554 1825 3245 1828 2756 120 3424 1040
913 317 731 1741 3390 1937 594 1508
3586 1909 2312 1270 781 403 2445 954
2636 727 2426 1851 1545 1244 3877 1789
1000 457 380 478 3840 1208 1528 1993
482 1337 2310 635 3403 1281 1768 382
3704 1082 2830 775 3127 1529 1764 1786
3635 1174 3829 513 3390 1071 1735 1981
1362 1526 3684 445 2961 1606 2897 850
2049 417 171 514 3732 902 726 872
2552 1909 627 1261 412 556 1879 1795
3939 640 1490 1123 380 728 3678 607
219 898 61 81 2725 1054 3152 1232
812 351 422 542 3856 1700 498 309
901 1552 2698 1221 3034 611 1937 1975
2513 1572 2372 127 539 1557 2424 1862
242 584 177 1390 2605 677 2189 1339
826 1226 3084 748 786 1316 2283 1061
3278 799 1213 910 3665 1419 226 1723
86 1065 3 1817 3561 844 189 1170
14 454 1782 995 362 526 2307 995
1327 1893 3896 742 1309 45 2080 125
2773 1286 1829 812 1803 842 3163 1541
2469 1838 1286 550 1070 1013 2311 1357
3835 963 3017 108 207 196 622 1579
1031 428 2132 1432 3793 312 1280 100
3853 1712 2000 1110 3272 939 1750 1367
1868 197 3317 1966 3865 102 1982 1240
1544 863 1729 1498 1349 664 2930 802
457 1607 2408 1747 3753 221 2022 100
3174 1064 3292 152 1424 1920 2090 1942
192 1004 193 1210 1811 1540 3550 663
2318 1925 782 1462 806 229 1408 1393
2232 1374 2503 352 3315 1702 2229 1013
396 828 1697 1924 2266 585 2207 789
2365 1649 3821 147 1111 875 3172 957
2499 658 3370 791 3503 780 2664 866
1410 307 3162 367 3594 1678 206 1189
2990 214 3938 516 807 82 3214 818
3646 1018 2741 1583 1162 920 3170 1412
3394 1028 2330 741 3486 781 3951 878
1779 90 3918 1088 283 281 3062 451
1058 372 1794 1589 3215 1056 317 1406
2933 1459 2929 485 549 1045 1911 1423
3099 173 3453 1998 1497 1121 1396 673
2178 978 896 705 2238 525 2342 1131
138 1610 399 850 2830 1411 3221 254
2082 1753 2614 195 1074 1404 3962 644
2302 1127 2800 653 3449 333 407 720
805 272 2630 20 3419 46 244 1983
22 1617 563 1513 977 150 2017 1663
3213 1085 1090 1652 2286 1829 1334 974
99 536 2009 1163 1307 1586 1691 1101
1533 1780 3876 1165 682 664 2827 722
3564 676 3084 774 3876 1878 3209 1438
29 6 1526 1612 2075 804 2743 342
3808 1375 1612 328 1455 613 3949 98
2221 291 1423 1322 728 1437 2005 720
3499 1885 3058 1276 3705 1786 3686 213
3124 408 3782 1865 2132 292 1938 55
781 671 347 252 1693 278 2556 1907
1027 1041 3904 1444 3029 811 953 1122
3249 378 2191 1579 1809 6 1758 1236
3297 491 3220 1454 389 105 58 1212
213 220 468 319 3359 351 538 1605
721 186 3611 1968 937 1845 3577 539
3736 1542 3114 1629 1535 665 3350 1951
868 731 3515 1892 2634 584 279 732
960 303 3060 155 2282 270 1835 703
1380 939 2995 264 3050 152 3721 486
2848 96 202 233 213 497 1641 63
3510 1671 981 848 1073 1218 1278 1915
457 334 1346 408 1760 635 3135 1819
3888 666 781 670 3546 1056 2738 216
984 965 1009 1001 47 784 849 1446
2721 1482 2927 1777 1788 421 2909 1771
1286 525 2982 949 3168 174 2094 457
2716 1432 555 1121 3790 472 3322 1308
738 1325 464 1302 1797 1241 2224 115
1251 1832 3452 637 3279 1387 1815 1937
2728 1698 571 1982 3353 188 2732 1283
3815 169 2656 128 2388 165 1537 569
3683 1533 1623 1723 2471 1639 2662 64
1247 1945 2067 694 941 551 387 1531
123 862 1725 927 412 1338 2565 872
1234 1946 3600 459 2427 1423 3772 632
252 1240 1109 1196 1972 602 1033 1004
611 673 366 339 2534 1518 3854 1339
2576 1676 778 1282 2964 1656 661 748
928 1700 386 1616 1363 1197 452 449
53 857 3918 1217 1231 1761 3894 546
1807 1711 3332 1049 1277 126 1045 1564
274 1420 2597 349 2306 762 2759 314
2574 946 811 1295 2690 416 2578 629
178 24 241 1069 2553 599 1808 1533
2678 1825 2658 360 716 818 259 1729
1795 962 394 1944 886 1360 432 480
3384 1498 3786 1862 2410 1501 889 41
3520 1079 264 36 2285 1775 2537 316
1256 61 2050 1833 2746 426 2462 1392
1424 1728 3538 125 3154 737 118 913
3913 192 1646 1817 2877 1758 3955 221
3085 1528 2993 624 1179 1777 159 1346
2573 1969 547 25 1313 1741 841 818
463 1670 3373 1902 1985 1451 2566 1235
3875 598 460 267 2059 703 3886 874
298 1513 3060 781 3007 502 3011 450
3479 821 1828 456 719 268 2654 1429
2542 236 1021 962 1931 451 876 1899
3955 1743 2347 388 16 340 331 1815
1323 280 3535 1112 3625 1976 2635 1423
3447 1830 1529 581 2600 1197 3031 97
2936 337 1203 385 2554 623 3902 1439
1621 1830 1787 1902 1348 46 2055 1742
3373 1646 2740 1101 2122 123 3363 437
1393 1368 555 1753 2115 677 1190 1422
3874 1318 47 363 2968 1289 668 112
938 955 3935 540 1055 24 1429 1821
3022 474 3062 329 595 1488 2786 1891
2482 1183 387 199 186 117 149 1530
3854 923 2901 920 3258 1187 778 873
376 825 931 512 307 117 1523 619
2519 135 1766 692 3975 731 1053 166
2945 1622 401 980 2303 1570 1325 1485
953 268 149 1629 3692 1777 3165 1752
2628 1479 2214 1977 165 1906 2542 276
2097 981 3805 1619 2750 752 598 1843
890 1846 1179 969 55 1852 1096 1555
2139 1806 1017 333 3034 350 2841 792
2421 1007 2834 1512 2779 1037 873 1679
2290 1810 634 294 3455 1517 1356 747
1115 1052 1819 814 902 108 3369 1969
2588 302 1393 859 905 28 3257 1982
327 265 1768 1578 1133 969 1771 1292
241 341 3023 871 3346 902 451 1150
1917 687 3248 1906 460 1588 3312 1683
2991 792 1632 1742 3385 1999 1174 31
2573 599 2223 990 1145 880 2339 175
19 674 3868 697 3063 1772 2990 155
3911 1673 1541 354 3295 536 3156 1267
872 1559 2374 1944 3753 786 1783 1809
2863 558 1962 389 2494 869 1004 425
929 1766 3007 1524 947 649 2456 1894
839 620 3220 1945 2062 1208 294 1536
3893 102 2356 1568 1934 1375 2661 1389
2178 1619 1604 706 1061 656 1793 1165
3822 899 2028 1736 1411 701 740 1038
378 1048 2581 121 1875 1004 526 659
1178 100 2221 1578 3696 1149 3416 542
2599 901 2944 632 1795 140 1431 1408
3416 143 1082 1561 2795 786 2084 41
2961 1605 997 942 2826 1901 3748 774
611 1384 2334 523 666 1837 3625 1579
3113 885 1264 1090 309 722 3806 1510
2597 1830 1699 1294 3972 1502 1833 606
2586 1286 235 1059 2332 101 2797 1072
161 906 2592 248 3070 1264 2467 123
1429 134 3642 699 2836 1123 3977 1929
742 1025 3599 514 901 442 468 1763
1625 1651 1766 678 3612 594 2045 484
1187 706 240 619 719 359 437 1628
1787 1009 1272 246 689 1464 3425 989
22 987 3503 301 3051 903 1220 1241
3640 43 80 1533 2459 1927 2660 278
3756 882 1677 1238 3638 1123 2183 359
776 392 3766 154 1051 840 2427 765
1724 1642 3946 459 3557 1881 2242 27
198 1810 1994 1852 2078 1579 1495 547
3950 1558 278 165 3144 457 968 1421
