4 150
1380 939 1357 1905 3524 1616 2408 494
2848 96 2650 802 747 1017 166 1081
3510 1671 1774 107 3420 365 3088 131
457 334 1307 964 353 85 920 614
3888 666 3806 746 2767 1562 1205 1087
984 965 2687 1353 3429 327 60 445
2721 1482 43 1957 3106 378 3209 302
1286 525 3092 1668 729 1637 1213 1628
2716 1432 185 1542 1063 464 3941 461
738 1325 834 629 2912 511 775 1909
1251 1832 40 462 125 414 1832 423
2728 1698 1183 1391 2987 975 2283 1346
3815 169 2048 1628 1877 1068 3291 1763
3683 1533 1097 643 267 1546 940 92
1247 1945 1838 1732 2367 1432 603 1608
123 862 234 1118 2952 1482 845 1104
1234 1946 3314 1881 3927 1951 1917 1839
252 1240 737 1285 547 743 1229 182
611 673 779 777 3181 1060 2420 1445
2576 1676 2312 1949 1126 843 2113 1410
928 1700 2576 189 1626 1521 2052 172
53 857 3078 1541 272 1830 3125 1728
1807 1711 2781 478 2866 1684 3315 1840
274 1420 705 1812 3185 1686 169 1902
2574 946 3409 1917 151 1699 3724 1843
178 24 323 1714 2055 510 708 134
2678 1825 1660 1556 1155 1548 1030 1739
1795 962 3729 1188 1722 1410 2025 502
3384 1498 693 1383 3205 1575 1904 1158
3520 1079 2361 640 1616 890 41 1226
1256 61 2433 1538 507 239 1579 1449
1424 1728 554 1825 789 1674 927 656
3913 192 913 317 502 348 1171 944
3085 1528 3586 1909 301 230 1976 117
2573 1969 2636 727 1099 1244 2923 306
463 1670 1000 457 477 888 2576 1019
3875 598 482 1337 2693 1988 1435 124
298 1513 3704 1082 3192 300 2132 1586
3479 821 3635 1174 2809 1803 22 279
2542 236 1362 1526 1821 1891 685 1572
3955 1743 2049 417 393 358 2428 631
1323 280 2552 1909 2242 481 1046 548
3447 1830 3939 640 3742 299 564 338
2936 337 219 898 3656 518 2568 1150
1621 1830 812 351 2427 659 448 746
3373 1646 901 1552 1923 1198 1940 156
1393 1368 2513 1572 3759 526 647 1253
3874 1318 242 584 3224 944 1300 458
938 955 826 1226 293 1089 3588 1125
3022 474 3278 799 698 638 1884 1286
2482 1183 86 1065 789 1871 2956 532
3854 923 14 454 771 351 2500 795
376 825 1327 1893 2594 684 876 227
2519 135 2773 1286 3620 1269 3173 139
2945 1622 2469 1838 2270 1904 3375 504
953 268 3835 963 2033 1394 1268 1038
2628 1479 1031 428 2024 1993 889 1909
2097 981 3853 1712 2940 1369 1217 54
890 1846 1868 197 1507 1159 2780 431
2139 1806 1544 863 1693 1989 1592 1294
2421 1007 457 1607 930 900 1324 1838
2290 1810 3174 1064 2954 235 2359 1727
1115 1052 192 1004 3991 459 3853 656
2588 302 2318 1925 823 946 862 1288
327 265 2232 1374 459 1406 3543 800
241 341 396 828 90 1458 544 1486
1917 687 2365 1649 3937 452 116 1809
2991 792 2499 658 1087 1091 452 95
2573 599 1410 307 1722 305 3239 101
19 674 2990 214 3584 1229 3181 830
3911 1673 3646 1018 3476 1585 0 1709
872 1559 3394 1028 2864 1275 192 1831
2863 558 1779 90 2018 1065 2418 1717
929 1766 1058 372 1746 1553 1953 1854
839 620 2933 1459 3788 1490 3609 236
3893 102 3099 173 2843 1256 941 991
2178 1619 2178 978 3775 1336 2807 556
3822 899 138 1610 2469 1459 159 1085
378 1048 2082 1753 3810 52 3753 1359
1178 100 2302 1127 2636 818 665 290
2599 901 805 272 907 378 3343 219
3416 143 22 1617 1582 705 1948 1736
2961 1605 3213 1085 713 642 2631 653
611 1384 99 536 2715 1809 3731 1522
3113 885 1533 1780 1025 484 1682 1467
2597 1830 3564 676 3779 592 504 164
2586 1286 29 6 1975 1140 33 436
161 906 3808 1375 405 1862 1103 274
1429 134 2221 291 228 1587 175 1951
742 1025 3499 1885 2242 1811 1843 1147
1625 1651 3124 408 2557 1790 1497 1177
1187 706 781 671 3349 1092 1366 1898
1787 1009 1027 1041 874 792 3295 207
22 987 3249 378 210 71 1342 721
3640 43 3297 491 3672 705 1861 1763
3756 882 213 220 3945 1115 2093 105
776 392 721 186 881 1845 1918 104
1724 1642 3736 1542 858 176 622 652
198 1810 868 731 179 447 3771 507
3950 1558 960 303 1781 1596 658 1364
3477 949 3825 1101 3299 1466 2855 1751
91 1732 2779 435 3383 817 3745 1953
3972 329 201 693 2993 1606 2328 113
198 1632 2502 1274 1997 1977 3676 1627
1806 733 765 833 3208 1679 1790 1446
538 1023 3105 1823 816 1553 24 51
3430 1088 1937 1400 3235 1947 3326 450
2186 766 3364 1498 3483 1905 2525 1690
1513 1646 3702 1624 2826 340 1474 976
2143 1611 2164 1874 446 217 291 683
53 1657 3019 189 1447 1177 1655 881
3404 1307 3098 1594 188 230 177 1403
1034 1344 3239 1376 3371 1199 2593 694
2823 376 3359 1693 907 1110 3090 1269
3104 1931 2081 1011 2118 1733 1418 1060
3232 324 1398 1100 55 1364 2133 1266
2790 1457 618 1953 1145 20 3669 285
374 9 1878 59 684 1939 2149 769
741 146 3803 886 615 1700 3500 1854
3083 1938 397 1217 3060 1271 1340 1542
3502 1067 3035 152 3348 1683 3639 1434
1280 237 2502 146 172 724 1919 1081
3326 1846 3230 380 1284 23 1733 904
217 38 3479 1023 358 1340 2331 1602
2503 1172 958 1670 27 639 1309 791
3527 41 3423 1241 3267 609 2647 1775
739 1850 78 1066 199 5 521 1401
3548 1999 96 691 679 954 319 1649
48 154 3431 78 3115 312 2087 221
1419 872 2053 1461 1133 465 1708 1105
1689 1223 3048 1 2931 677 2914 1544
3468 1404 571 1711 2990 69 3609 1487
1628 253 3393 782 1047 455 206 1796
382 872 2835 1472 549 1162 3349 1754
3029 1242 144 1185 3884 461 3631 67
3646 1758 923 108 93 293 3892 1276
285 1029 989 1997 2750 1763 3400 894
1782 93 3061 1211 753 1867 18 664
1067 371 2977 39 1413 121 2682 891
2849 1214 1668 658 346 1260 111 1833
920 1835 878 715 1302 627 694 19
1741 712 678 1599 764 525 3434 1844
876 220 1086 868 1380 712 2734 1999
2753 283 640 110 270 1602 3329 947
2609 1286 3551 1673 3800 1142 3020 479
3941 258 106 1267 3499 314 3568 1720
3613 523 2243 1332 1491 1990 2457 518
1754 559 3796 1401 1374 723 2816 1951
2916 1724 2643 1320 2653 1868 2069 1789
2445 1820 48 267 3941 560 2674 1695
