2 500
1357 1905 3140 1401
2650 802 556 1056
1774 107 3675 1522
1307 964 1182 1853
3806 746 3595 111
2687 1353 962 1895
43 1957 2030 1186
3092 1668 3507 1851
185 1542 2642 1269
834 629 3438 901
40 462 3858 1472
1183 1391 2937 1568
2048 1628 376 1018
1097 643 839 1355
1838 1732 706 1925
234 1118 749 920
3314 1881 298 615
737 1285 694 552
779 777 387 190
2312 1949 2801 695
2576 189 3133 1143
3078 1541 1517 266
2781 478 1538 224
705 1812 844 520
3409 1917 2639 1239
323 1714 3123 217
1660 1556 2489 1520
3729 1188 3834 1827
693 1383 3417 1808
2361 640 2938 543
2433 1538 71 1323
554 1825 3245 1828
913 317 731 1741
3586 1909 2312 1270
2636 727 2426 1851
1000 457 380 478
482 1337 2310 635
3704 1082 2830 775
3635 1174 3829 513
1362 1526 3684 445
2049 417 171 514
2552 1909 627 1261
3939 640 1490 1123
219 898 61 81
812 351 422 542
901 1552 2698 1221
2513 1572 2372 127
242 584 177 1390
826 1226 3084 748
3278 799 1213 910
86 1065 3 1817
14 454 1782 995
1327 1893 3896 742
2773 1286 1829 812
2469 1838 1286 550
3835 963 3017 108
1031 428 2132 1432
3853 1712 2000 1110
1868 197 3317 1966
1544 863 1729 1498
457 1607 2408 1747
3174 1064 3292 152
192 1004 193 1210
2318 1925 782 1462
2232 1374 2503 352
396 828 1697 1924
2365 1649 3821 147
2499 658 3370 791
1410 307 3162 367
2990 214 3938 516
3646 1018 2741 1583
3394 1028 2330 741
1779 90 3918 1088
1058 372 1794 1589
2933 1459 2929 485
3099 173 3453 1998
2178 978 896 705
138 1610 399 850
2082 1753 2614 195
2302 1127 2800 653
805 272 2630 20
22 1617 563 1513
3213 1085 1090 1652
99 536 2009 1163
1533 1780 3876 1165
3564 676 3084 774
29 6 1526 1612
3808 1375 1612 328
2221 291 1423 1322
3499 1885 3058 1276
3124 408 3782 1865
781 671 347 252
1027 1041 3904 1444
3249 378 2191 1579
3297 491 3220 1454
213 220 468 319
721 186 3611 1968
3736 1542 3114 1629
868 731 3515 1892
960 303 3060 155
1380 939 2995 264
2848 96 202 233
3510 1671 981 848
457 334 1346 408
3888 666 781 670
984 965 1009 1001
2721 1482 2927 1777
1286 525 2982 949
2716 1432 555 1121
738 1325 464 1302
1251 1832 3452 637
2728 1698 571 1982
3815 169 2656 128
3683 1533 1623 1723
1247 1945 2067 694
123 862 1725 927
1234 1946 3600 459
252 1240 1109 1196
611 673 366 339
2576 1676 778 1282
928 1700 386 1616
53 857 3918 1217
1807 1711 3332 1049
274 1420 2597 349
2574 946 811 1295
178 24 241 1069
2678 1825 2658 360
1795 962 394 1944
3384 1498 3786 1862
3520 1079 264 36
1256 61 2050 1833
1424 1728 3538 125
3913 192 1646 1817
3085 1528 2993 624
2573 1969 547 25
463 1670 3373 1902
3875 598 460 267
298 1513 3060 781
3479 821 1828 456
2542 236 1021 962
3955 1743 2347 388
1323 280 3535 1112
3447 1830 1529 581
2936 337 1203 385
1621 1830 1787 1902
3373 1646 2740 1101
1393 1368 555 1753
3874 1318 47 363
938 955 3935 540
3022 474 3062 329
2482 1183 387 199
3854 923 2901 920
376 825 931 512
2519 135 1766 692
2945 1622 401 980
953 268 149 1629
2628 1479 2214 1977
2097 981 3805 1619
890 1846 1179 969
2139 1806 1017 333
2421 1007 2834 1512
2290 1810 634 294
1115 1052 1819 814
2588 302 1393 859
327 265 1768 1578
241 341 3023 871
1917 687 3248 1906
2991 792 1632 1742
2573 599 2223 990
19 674 3868 697
3911 1673 1541 354
872 1559 2374 1944
2863 558 1962 389
929 1766 3007 1524
839 620 3220 1945
3893 102 2356 1568
2178 1619 1604 706
3822 899 2028 1736
378 1048 2581 121
1178 100 2221 1578
2599 901 2944 632
3416 143 1082 1561
2961 1605 997 942
611 1384 2334 523
3113 885 1264 1090
2597 1830 1699 1294
2586 1286 235 1059
161 906 2592 248
1429 134 3642 699
742 1025 3599 514
1625 1651 1766 678
1187 706 240 619
1787 1009 1272 246
22 987 3503 301
3640 43 80 1533
3756 882 1677 1238
776 392 3766 154
1724 1642 3946 459
198 1810 1994 1852
3950 1558 278 165
0 62 3181 1849
3444 405 719 817
1091 1343 397 944
1274 323 489 939
1488 851 3148 8
328 949 556 1606
282 1681 176 1854
238 586 1670 1753
3669 735 2425 1347
3098 655 2504 597
2790 1688 2430 240
2871 613 3740 1232
650 658 31 1836
1864 493 2462 1984
3302 558 1609 1454
1927 298 531 720
3497 574 1023 1155
3091 1952 3641 1867
1970 1775 3455 1712
3309 40 732 322
564 287 2322 1278
2003 43 2462 999
2371 19 467 737
3097 1301 2408 1215
3081 1416 3804 189
2230 412 1702 1649
2724 1185 608 1547
3821 1288 2775 77
3993 487 637 723
2704 591 2900 610
343 1544 1272 1351
1981 1763 3228 1653
2039 1146 865 533
3812 1369 1996 308
1354 15 485 1576
2821 1977 1605 1430
3096 1499 242 1175
790 287 237 59
3654 1568 1378 1025
2357 1729 3721 452
2757 575 2322 325
374 1257 2320 1430
1120 1754 1887 146
644 546 2133 252
2174 1921 3794 1121
697 314 1794 1745
1072 354 1721 443
2307 996 2168 1908
1140 311 1063 624
2439 1479 1709 1698
2985 160 2572 997
305 119 3195 1230
426 1591 2094 1412
3223 763 2508 1103
2448 873 1571 120
2963 987 3150 67
1365 1637 3493 289
3268 282 1186 764
373 134 2005 135
241 387 2305 1741
2691 454 841 133
2281 508 1678 472
1463 1674 1276 1276
1258 629 2299 603
2625 1384 287 853
3611 637 514 1126
1914 592 110 713
3066 1481 402 1723
2207 1447 3376 1482
1646 1084 3715 978
2383 1761 1020 709
2675 224 3047 692
1886 807 1141 1395
459 107 2942 5
2194 1346 16 1896
322 1843 2599 1558
3354 1362 1435 644
3708 554 2895 404
2803 1468 3566 1675
1999 1327 1379 886
632 460 1519 1423
3786 729 3960 1214
506 1973 2809 1746
1225 108 2938 1940
407 1733 1898 662
2217 1394 107 1064
402 1337 1011 758
66 619 2579 990
3617 1070 1405 1739
1308 884 43 1040
3602 694 2283 89
1415 975 1134 1752
286 1701 1540 1319
3041 360 3604 1684
3691 987 1534 748
510 1784 1982 1936
1612 415 53 1321
3228 1174 1408 114
439 1246 3689 1398
3710 1081 3328 1942
585 1227 2919 1179
3848 1166 1390 1170
1789 1252 373 1678
1491 862 3545 798
3789 1739 225 1199
2030 1422 3259 1305
1732 1983 1279 1154
3733 1246 1650 537
1912 974 3455 504
3964 1982 2949 1062
2186 295 3351 1533
3030 1015 907 70
1609 98 3985 1087
2588 370 3992 235
2229 1466 2174 1894
68 1632 1302 386
2983 1023 1977 1042
1525 955 151 1324
2628 134 3645 1229
375 787 3236 639
1640 1537 2503 853
2453 1367 2353 860
2027 746 1222 1557
2811 1625 2580 1787
991 75 3905 313
724 1542 3867 353
3371 1629 1416 1644
310 602 3982 1850
2811 97 2418 67
1228 1390 3733 869
2589 695 1527 1367
872 1966 420 800
40 107 1036 1781
2512 1085 442 1227
3520 759 3644 693
807 863 3006 1072
3837 1283 2626 934
1146 1988 3867 1824
3097 493 881 1280
2226 1065 1044 1700
891 744 3298 236
341 185 1442 84
2775 997 3874 711
2782 1327 330 79
968 436 2024 1669
2817 659 2591 1530
2209 0 3520 1350
1665 368 3710 1350
2719 1640 2499 1161
3918 79 1407 489
3186 1683 1970 1822
1841 477 1883 1415
1737 1113 3265 1871
982 221 1586 411
3804 132 3871 1115
547 1741 2459 1572
857 846 74 114
2955 11 3600 1818
2901 405 3860 1316
31 902 1258 778
2714 1456 506 1900
261 191 2132 1884
2734 1239 2302 962
2547 838 3870 1531
548 1190 2837 101
2916 613 1753 1627
1913 1368 1288 1024
1593 669 1456 1390
3255 571 3156 249
2900 158 2856 737
2574 1476 872 1510
1406 483 806 102
2696 650 2731 948
769 1276 1826 26
3814 1770 3567 695
706 698 639 373
3249 902 3628 922
527 1158 1483 1501
1370 1180 3082 979
682 37 2163 248
1615 730 579 680
738 1524 3749 62
1546 181 1323 1366
1242 138 1877 1126
872 607 1093 808
1898 1048 586 827
1394 1245 1625 569
1499 780 2626 1396
2780 833 1831 892
2049 393 3174 84
3144 912 2252 742
515 1741 2904 1698
2335 1929 1220 1056
647 1885 1336 1859
2886 1495 2135 1833
2296 1280 412 1810
574 639 318 130
2681 1803 1226 124
1495 396 2864 568
1030 1238 1860 1161
640 342 2716 1543
3248 1511 566 1604
1851 1316 2947 1483
3191 1646 2126 169
1854 1637 60 899
2310 1168 2433 1872
1727 1548 2041 1247
1551 193 1992 315
3213 342 3323 140
2169 192 3261 956
3291 1656 2683 470
3439 120 1627 1939
2246 523 1226 1736
1949 545 2441 34
3682 288 3637 1547
1441 110 3783 941
1915 1956 2883 1764
3118 1179 1660 1648
1184 1093 1573 258
3361 10 3307 1070
108 1856 135 1744
2797 1295 3301 1701
3847 256 3025 1667
3649 1413 2154 1478
3381 1236 3136 1604
1311 1236 88 1582
2358 672 1602 1153
1082 1849 3668 409
950 1882 1190 1775
3996 992 3989 405
3148 735 450 562
2693 615 2101 1006
2935 1963 837 399
1253 342 2359 1386
1772 1759 3962 1481
1951 224 3387 1243
2849 261 1189 1671
2850 610 1343 335
515 18 2740 1644
3189 1475 1169 1985
343 1024 2515 1308
2482 60 522 280
2265 1418 3803 457
288 157 66 1172
198 1447 76 1132
571 899 2814 211
629 783 2052 1653
1601 1370 2205 125
3565 1781 3215 792
1322 1919 3617 1955
2302 1783 979 1065
1137 1476 985 1985
3458 58 3688 597
30 757 3216 1166
1680 1467 2629 1535
3988 1671 2107 265
498 1452 1254 1485
632 1784 2422 451
3731 1438 2806 933
2013 1188 3846 1538
2904 254 2508 114
3511 1612 1478 612
3109 1642 3542 1316
3761 118 574 244
2735 482 968 1071
3555 235 2203 24
3525 788 2802 1203
2656 1860 1531 1624
380 1109 2412 218
2456 1788 1391 122
1360 1390 1447 978
3425 1196 854 779
1306 1920 3462 1155
3271 937 3463 1028
1537 1436 3445 1414
2777 1989 2845 1852
1045 1991 3421 807
3219 887 360 1299
1633 678 1331 1331
333 508 2497 1339
2437 795 1360 143
744 1021 2695 1790
251 1555 2919 370
3809 378 1269 1520
1123 1932 2451 13
812 161 2151 1657
1632 732 3263 893
439 1152 2106 19
3290 1487 1557 114
2473 1454 1129 478
527 1268 1866 1017
2660 513 3712 1489
3658 1006 63 1081
659 885 1647 494
3312 1413 1144 759
40 95 2080 1417
3724 1106 3966 1697
2244 1415 1485 984
1355 20 2133 1320
1459 936 3256 62
