2 1000
1357 1905 3140 1401
2650 802 556 1056
1774 107 3675 1522
1307 964 1182 1853
3806 746 3595 111
2687 1353 962 1895
43 1957 2030 1186
3092 1668 3507 1851
185 1542 2642 1269
834 629 3438 901
40 462 3858 1472
1183 1391 2937 1568
2048 1628 376 1018
1097 643 839 1355
1838 1732 706 1925
234 1118 749 920
3314 1881 298 615
737 1285 694 552
779 777 387 190
2312 1949 2801 695
2576 189 3133 1143
3078 1541 1517 266
2781 478 1538 224
705 1812 844 520
3409 1917 2639 1239
323 1714 3123 217
1660 1556 2489 1520
3729 1188 3834 1827
693 1383 3417 1808
2361 640 2938 543
2433 1538 71 1323
554 1825 3245 1828
913 317 731 1741
3586 1909 2312 1270
2636 727 2426 1851
1000 457 380 478
482 1337 2310 635
3704 1082 2830 775
3635 1174 3829 513
1362 1526 3684 445
2049 417 171 514
2552 1909 627 1261
3939 640 1490 1123
219 898 61 81
812 351 422 542
901 1552 2698 1221
2513 1572 2372 127
242 584 177 1390
826 1226 3084 748
3278 799 1213 910
86 1065 3 1817
14 454 1782 995
1327 1893 3896 742
2773 1286 1829 812
2469 1838 1286 550
3835 963 3017 108
1031 428 2132 1432
3853 1712 2000 1110
1868 197 3317 1966
1544 863 1729 1498
457 1607 2408 1747
3174 1064 3292 152
192 1004 193 1210
2318 1925 782 1462
2232 1374 2503 352
396 828 1697 1924
2365 1649 3821 147
2499 658 3370 791
1410 307 3162 367
2990 214 3938 516
3646 1018 2741 1583
3394 1028 2330 741
1779 90 3918 1088
1058 372 1794 1589
2933 1459 2929 485
3099 173 3453 1998
2178 978 896 705
138 1610 399 850
2082 1753 2614 195
2302 1127 2800 653
805 272 2630 20
22 1617 563 1513
3213 1085 1090 1652
99 536 2009 1163
1533 1780 3876 1165
3564 676 3084 774
29 6 1526 1612
3808 1375 1612 328
2221 291 1423 1322
3499 1885 3058 1276
3124 408 3782 1865
781 671 347 252
1027 1041 3904 1444
3249 378 2191 1579
3297 491 3220 1454
213 220 468 319
721 186 3611 1968
3736 1542 3114 1629
868 731 3515 1892
960 303 3060 155
1380 939 2995 264
2848 96 202 233
3510 1671 981 848
457 334 1346 408
3888 666 781 670
984 965 1009 1001
2721 1482 2927 1777
1286 525 2982 949
2716 1432 555 1121
738 1325 464 1302
1251 1832 3452 637
2728 1698 571 1982
3815 169 2656 128
3683 1533 1623 1723
1247 1945 2067 694
123 862 1725 927
1234 1946 3600 459
252 1240 1109 1196
611 673 366 339
2576 1676 778 1282
928 1700 386 1616
53 857 3918 1217
1807 1711 3332 1049
274 1420 2597 349
2574 946 811 1295
178 24 241 1069
2678 1825 2658 360
1795 962 394 1944
3384 1498 3786 1862
3520 1079 264 36
1256 61 2050 1833
1424 1728 3538 125
3913 192 1646 1817
3085 1528 2993 624
2573 1969 547 25
463 1670 3373 1902
3875 598 460 267
298 1513 3060 781
3479 821 1828 456
2542 236 1021 962
3955 1743 2347 388
1323 280 3535 1112
3447 1830 1529 581
2936 337 1203 385
1621 1830 1787 1902
3373 1646 2740 1101
1393 1368 555 1753
3874 1318 47 363
938 955 3935 540
3022 474 3062 329
2482 1183 387 199
3854 923 2901 920
376 825 931 512
2519 135 1766 692
2945 1622 401 980
953 268 149 1629
2628 1479 2214 1977
2097 981 3805 1619
890 1846 1179 969
2139 1806 1017 333
2421 1007 2834 1512
2290 1810 634 294
1115 1052 1819 814
2588 302 1393 859
327 265 1768 1578
241 341 3023 871
1917 687 3248 1906
2991 792 1632 1742
2573 599 2223 990
19 674 3868 697
3911 1673 1541 354
872 1559 2374 1944
2863 558 1962 389
929 1766 3007 1524
839 620 3220 1945
3893 102 2356 1568
2178 1619 1604 706
3822 899 2028 1736
378 1048 2581 121
1178 100 2221 1578
2599 901 2944 632
3416 143 1082 1561
2961 1605 997 942
611 1384 2334 523
3113 885 1264 1090
2597 1830 1699 1294
2586 1286 235 1059
161 906 2592 248
1429 134 3642 699
742 1025 3599 514
1625 1651 1766 678
1187 706 240 619
1787 1009 1272 246
22 987 3503 301
3640 43 80 1533
3756 882 1677 1238
776 392 3766 154
1724 1642 3946 459
198 1810 1994 1852
3950 1558 278 165
0 62 3181 1849
3444 405 719 817
1091 1343 397 944
1274 323 489 939
1488 851 3148 8
328 949 556 1606
282 1681 176 1854
238 586 1670 1753
3669 735 2425 1347
3098 655 2504 597
2790 1688 2430 240
2871 613 3740 1232
650 658 31 1836
1864 493 2462 1984
3302 558 1609 1454
1927 298 531 720
3497 574 1023 1155
3091 1952 3641 1867
1970 1775 3455 1712
3309 40 732 322
564 287 2322 1278
2003 43 2462 999
2371 19 467 737
3097 1301 2408 1215
3081 1416 3804 189
2230 412 1702 1649
2724 1185 608 1547
3821 1288 2775 77
3993 487 637 723
2704 591 2900 610
343 1544 1272 1351
1981 1763 3228 1653
2039 1146 865 533
3812 1369 1996 308
1354 15 485 1576
2821 1977 1605 1430
3096 1499 242 1175
790 287 237 59
3654 1568 1378 1025
2357 1729 3721 452
2757 575 2322 325
374 1257 2320 1430
1120 1754 1887 146
644 546 2133 252
2174 1921 3794 1121
697 314 1794 1745
1072 354 1721 443
2307 996 2168 1908
1140 311 1063 624
2439 1479 1709 1698
2985 160 2572 997
305 119 3195 1230
426 1591 2094 1412
3223 763 2508 1103
2448 873 1571 120
2963 987 3150 67
1365 1637 3493 289
3268 282 1186 764
373 134 2005 135
241 387 2305 1741
2691 454 841 133
2281 508 1678 472
1463 1674 1276 1276
1258 629 2299 603
2625 1384 287 853
3611 637 514 1126
1914 592 110 713
3066 1481 402 1723
2207 1447 3376 1482
1646 1084 3715 978
2383 1761 1020 709
2675 224 3047 692
1886 807 1141 1395
459 107 2942 5
2194 1346 16 1896
322 1843 2599 1558
3354 1362 1435 644
3708 554 2895 404
2803 1468 3566 1675
1999 1327 1379 886
632 460 1519 1423
3786 729 3960 1214
506 1973 2809 1746
1225 108 2938 1940
407 1733 1898 662
2217 1394 107 1064
402 1337 1011 758
66 619 2579 990
3617 1070 1405 1739
1308 884 43 1040
3602 694 2283 89
1415 975 1134 1752
286 1701 1540 1319
3041 360 3604 1684
3691 987 1534 748
510 1784 1982 1936
1612 415 53 1321
3228 1174 1408 114
439 1246 3689 1398
3710 1081 3328 1942
585 1227 2919 1179
3848 1166 1390 1170
1789 1252 373 1678
1491 862 3545 798
3789 1739 225 1199
2030 1422 3259 1305
1732 1983 1279 1154
3733 1246 1650 537
1912 974 3455 504
3964 1982 2949 1062
2186 295 3351 1533
3030 1015 907 70
1609 98 3985 1087
2588 370 3992 235
2229 1466 2174 1894
68 1632 1302 386
2983 1023 1977 1042
1525 955 151 1324
2628 134 3645 1229
375 787 3236 639
1640 1537 2503 853
2453 1367 2353 860
2027 746 1222 1557
2811 1625 2580 1787
991 75 3905 313
724 1542 3867 353
3371 1629 1416 1644
310 602 3982 1850
2811 97 2418 67
1228 1390 3733 869
2589 695 1527 1367
872 1966 420 800
40 107 1036 1781
2512 1085 442 1227
3520 759 3644 693
807 863 3006 1072
3837 1283 2626 934
1146 1988 3867 1824
3097 493 881 1280
2226 1065 1044 1700
891 744 3298 236
341 185 1442 84
2775 997 3874 711
2782 1327 330 79
968 436 2024 1669
2817 659 2591 1530
2209 0 3520 1350
1665 368 3710 1350
2719 1640 2499 1161
3918 79 1407 489
3186 1683 1970 1822
1841 477 1883 1415
1737 1113 3265 1871
982 221 1586 411
3804 132 3871 1115
547 1741 2459 1572
857 846 74 114
2955 11 3600 1818
2901 405 3860 1316
31 902 1258 778
2714 1456 506 1900
261 191 2132 1884
2734 1239 2302 962
2547 838 3870 1531
548 1190 2837 101
2916 613 1753 1627
1913 1368 1288 1024
1593 669 1456 1390
3255 571 3156 249
2900 158 2856 737
2574 1476 872 1510
1406 483 806 102
2696 650 2731 948
769 1276 1826 26
3814 1770 3567 695
706 698 639 373
3249 902 3628 922
527 1158 1483 1501
1370 1180 3082 979
682 37 2163 248
1615 730 579 680
738 1524 3749 62
1546 181 1323 1366
1242 138 1877 1126
872 607 1093 808
1898 1048 586 827
1394 1245 1625 569
1499 780 2626 1396
2780 833 1831 892
2049 393 3174 84
3144 912 2252 742
515 1741 2904 1698
2335 1929 1220 1056
647 1885 1336 1859
2886 1495 2135 1833
2296 1280 412 1810
574 639 318 130
2681 1803 1226 124
1495 396 2864 568
1030 1238 1860 1161
640 342 2716 1543
3248 1511 566 1604
1851 1316 2947 1483
3191 1646 2126 169
1854 1637 60 899
2310 1168 2433 1872
1727 1548 2041 1247
1551 193 1992 315
3213 342 3323 140
2169 192 3261 956
3291 1656 2683 470
3439 120 1627 1939
2246 523 1226 1736
1949 545 2441 34
3682 288 3637 1547
1441 110 3783 941
1915 1956 2883 1764
3118 1179 1660 1648
1184 1093 1573 258
3361 10 3307 1070
108 1856 135 1744
2797 1295 3301 1701
3847 256 3025 1667
3649 1413 2154 1478
3381 1236 3136 1604
1311 1236 88 1582
2358 672 1602 1153
1082 1849 3668 409
950 1882 1190 1775
3996 992 3989 405
3148 735 450 562
2693 615 2101 1006
2935 1963 837 399
1253 342 2359 1386
1772 1759 3962 1481
1951 224 3387 1243
2849 261 1189 1671
2850 610 1343 335
515 18 2740 1644
3189 1475 1169 1985
343 1024 2515 1308
2482 60 522 280
2265 1418 3803 457
288 157 66 1172
198 1447 76 1132
571 899 2814 211
629 783 2052 1653
1601 1370 2205 125
3565 1781 3215 792
1322 1919 3617 1955
2302 1783 979 1065
1137 1476 985 1985
3458 58 3688 597
30 757 3216 1166
1680 1467 2629 1535
3988 1671 2107 265
498 1452 1254 1485
632 1784 2422 451
3731 1438 2806 933
2013 1188 3846 1538
2904 254 2508 114
3511 1612 1478 612
3109 1642 3542 1316
3761 118 574 244
2735 482 968 1071
3555 235 2203 24
3525 788 2802 1203
2656 1860 1531 1624
380 1109 2412 218
2456 1788 1391 122
1360 1390 1447 978
3425 1196 854 779
1306 1920 3462 1155
3271 937 3463 1028
1537 1436 3445 1414
2777 1989 2845 1852
1045 1991 3421 807
3219 887 360 1299
1633 678 1331 1331
333 508 2497 1339
2437 795 1360 143
744 1021 2695 1790
251 1555 2919 370
3809 378 1269 1520
1123 1932 2451 13
812 161 2151 1657
1632 732 3263 893
439 1152 2106 19
3290 1487 1557 114
2473 1454 1129 478
527 1268 1866 1017
2660 513 3712 1489
3658 1006 63 1081
659 885 1647 494
3312 1413 1144 759
40 95 2080 1417
3724 1106 3966 1697
2244 1415 1485 984
1355 20 2133 1320
1459 936 3256 62
3565 591 2921 334
1396 718 2967 24
1284 1766 3484 1000
2908 1394 2522 1883
1878 102 3099 915
1331 1517 1527 819
3732 211 324 1748
275 1312 479 1044
85 156 1998 1854
1048 1260 2472 683
2798 757 192 16
2489 544 401 141
3606 582 3705 1565
1610 1542 3926 1908
3768 1961 3804 104
499 1955 2402 246
75 1868 2883 531
1910 655 948 1746
136 24 3744 1613
984 1866 3852 207
893 1045 2170 797
1537 753 492 1817
1288 1998 2492 502
2348 28 1968 1105
1036 1201 829 1595
3892 1649 1621 627
2427 605 1694 276
2955 229 1646 1853
1104 616 2647 1089
3557 1227 963 1232
752 686 2688 1287
1633 1527 552 1901
3630 1526 3080 246
1909 493 3427 4
1893 1280 2275 177
2403 103 3450 1086
3635 509 3654 830
2991 1237 2158 544
588 1319 3743 1428
3482 1741 1797 589
1429 493 1614 1529
1627 328 3755 700
3610 951 3143 1053
2519 937 2573 1028
1669 399 2822 192
3791 631 2728 726
2950 496 2809 399
2089 626 2369 1672
2664 398 1903 209
3220 551 1206 554
3246 1012 132 82
3437 536 2721 782
3925 801 1646 1003
2286 202 1905 202
3462 500 3587 49
465 175 2699 1076
3977 567 3652 650
1112 196 2333 1298
820 1726 1 1755
1982 430 742 317
407 1442 2232 626
2936 1066 2255 1731
974 1670 1081 479
2188 1801 1741 1028
172 1723 1557 682
3733 1305 400 1432
2447 602 1185 1752
3421 1255 1380 1335
152 1638 53 1833
2079 36 425 1274
3306 777 2345 1918
3150 1706 3718 927
1959 365 2053 1485
1268 306 2126 1099
2091 766 2544 817
1212 124 25 151
985 666 692 678
3681 999 1895 871
1001 1399 3234 596
3311 259 870 222
1711 1145 60 1458
1402 1386 2436 957
3313 1340 114 637
755 4 1458 566
3263 141 596 373
3087 286 3725 1521
1075 292 1152 621
2449 1369 210 1285
3212 1237 3740 94
1078 1867 3216 1060
1022 1815 3858 1709
3139 1091 2607 743
3632 394 3827 1163
2773 54 1309 50
767 1775 3807 1852
3904 1862 2268 287
3404 717 3241 1860
2241 1581 55 1728
3223 424 2413 1223
897 184 3294 80
770 839 2808 203
91 1654 3121 1990
1288 93 1955 1776
2338 853 3845 72
2140 936 3450 66
3590 245 1000 423
771 521 3844 931
1754 61 985 87
1142 358 3077 1429
3025 1011 1471 453
1573 1800 2153 1380
3474 1127 761 1036
3933 896 742 744
327 835 1307 625
1117 954 389 1025
372 853 1543 1260
747 1666 34 1436
1935 1997 3245 1006
28 132 3512 1031
3856 506 2606 1995
3706 1623 3730 522
3911 963 2187 708
2060 440 1213 13
2110 1420 1971 1957
2869 1695 3693 1354
1312 1806 667 546
282 1381 2439 344
2591 1230 3488 1065
543 546 2017 496
1802 249 1559 811
1498 1939 1159 590
2765 725 1171 1273
3829 1963 3431 718
3524 330 2040 175
937 1271 1395 64
1104 1329 786 538
3437 1866 2942 113
1214 1699 798 1718
3175 1033 1492 1517
326 1209 2686 1911
2731 950 739 1348
570 1533 2498 77
1319 1331 1641 1938
2887 1 1898 1751
1042 938 334 1035
867 1079 3487 1728
2433 295 2655 1494
2723 168 1456 1065
3216 475 1970 1223
1826 824 2759 388
3224 1275 3989 588
1246 982 2992 1969
3422 638 3260 1023
2733 288 2166 1536
3963 1669 1017 1037
3579 1126 2565 1286
3208 71 3091 353
1799 439 3874 75
672 1370 1551 1389
3056 1927 3755 1253
3802 1747 773 1808
3788 737 1081 1102
3550 842 1621 349
1958 1210 3991 1364
668 1357 2433 658
3873 806 1973 1812
1656 817 491 343
507 1780 2144 1337
314 1319 2668 967
3763 721 2936 528
1832 1621 2938 1198
2113 526 3357 1200
3342 416 1439 1840
62 1929 3019 851
1891 123 772 1954
2857 152 1135 508
1755 1058 225 1796
892 794 3643 937
2040 308 1613 793
1241 1533 679 681
2510 168 1416 1261
2757 758 1560 1900
2565 1476 909 1103
177 695 3474 472
1327 1694 2965 1190
3663 1145 3068 1340
3756 71 1217 1656
1230 419 1120 555
2738 746 284 1814
482 566 3471 1996
89 1122 2719 922
3108 476 2425 1238
2396 1358 3395 1511
2569 973 3788 1520
657 1325 999 1499
409 475 1736 1306
3628 1873 1326 1802
1635 321 714 1383
3846 1738 66 672
2606 1353 525 1985
238 1956 1762 470
1856 1863 1833 900
2269 104 630 1098
1298 1472 2228 30
1564 1231 1940 809
2246 66 2079 383
1941 806 3620 1614
1693 1353 328 1944
3785 1543 2800 996
3273 1157 1443 1420
3715 435 960 169
2359 1032 3692 1311
3470 844 2384 1581
1724 289 3940 275
2954 993 1596 886
3208 40 3157 1267
1385 702 482 1115
1825 1335 1814 415
3467 714 764 1242
1746 7 3366 90
550 1445 2533 1892
2605 1303 1003 166
1686 519 515 1380
1557 1896 3855 1909
2542 915 2770 1823
1518 1384 3848 1486
1094 83 1491 1538
1052 1854 1386 549
2047 859 2622 429
2306 615 1056 1870
910 1539 1946 1612
2459 1694 1536 494
3671 939 362 964
3116 177 906 1376
3012 800 19 839
1065 5 3531 978
988 370 2 660
870 308 3718 780
1123 511 3259 1603
2705 1874 2333 1197
1849 1181 3446 1100
3882 1847 1555 848
235 621 1398 1371
1511 1248 3974 655
3934 1102 1886 711
723 408 3192 744
2294 579 2374 749
1898 1914 2146 619
560 76 2449 1389
1338 1162 320 1555
535 1539 3979 664
3049 1712 3526 635
1980 837 226 689
1176 570 176 1063
923 1425 2619 1227
700 846 3748 1069
3847 880 1385 691
2106 1019 1834 1773
3189 925 10 55
3915 96 1767 979
3134 781 2375 1072
947 1162 545 1399
1844 1623 664 412
1632 518 2016 957
1569 730 227 204
2284 1242 1970 919
3078 430 2591 1928
1287 541 2859 51
1835 1431 796 1141
1134 705 808 1529
379 623 2261 1005
3243 39 617 1825
316 1963 3344 1077
1503 589 3445 1271
2398 1516 810 342
1472 29 842 543
87 261 2373 1943
1184 1534 1852 1770
1071 751 3507 1590
2481 1997 837 1478
156 217 2718 114
2821 1423 2735 1114
3977 1216 460 1126
2497 848 3432 1342
958 1414 3878 1258
3204 636 3931 845
2966 592 580 957
2891 1476 2009 848
2097 1481 1604 292
831 945 2057 1080
3019 1513 2791 748
3862 968 771 1393
335 1073 2733 479
1710 21 3409 1761
3367 367 491 975
365 425 2270 1868
3839 1476 1276 1638
3413 1571 2112 21
2859 709 3263 1199
291 415 2177 1586
2669 838 3751 1485
1381 1101 1516 1684
1577 1307 3833 1471
895 41 3307 1349
3523 1024 3774 102
1479 1303 2844 884
2708 806 2288 858
3479 1648 892 623
729 1097 1891 1518
2802 1064 1093 1813
2655 1026 3530 1098
2318 1138 3107 853
3483 1425 2663 433
2728 106 181 589
1409 876 3989 1373
3844 1930 2837 894
3349 407 1006 53
222 1247 3346 1254
1163 900 3587 216
72 525 707 570
1994 1834 1773 1055
1394 284 2792 1898
1182 441 2945 535
279 1709 3355 356
3182 865 593 1679
3299 1512 593 899
918 1437 1845 1767
938 1379 949 1191
1020 635 1956 940
3996 853 834 1297
3377 841 2942 1153
1896 988 3967 405
445 1484 2546 970
2849 623 1016 1294
2740 1658 723 145
800 1623 3220 1784
1969 814 3832 482
3087 1917 2700 867
223 618 3722 1927
1781 1701 1121 1750
2671 1568 1901 1362
602 620 1410 522
202 467 1975 75
2384 297 2212 1670
1440 1337 2542 378
3008 1043 3775 158
2576 884 3735 326
2745 89 2938 290
462 88 1588 26
2945 1189 3933 72
3384 27 1434 1488
1019 1937 667 296
2972 522 2496 494
1633 1636 3178 69
3674 697 2889 1461
3068 1076 1966 991
3235 1053 3185 748
2677 48 858 717
2617 1137 3767 394
2379 947 2125 1111
797 1416 123 749
121 1314 521 715
2880 441 1297 960
2254 641 3929 1754
2972 892 1662 795
755 1309 3319 388
237 605 1224 1759
235 1976 3681 1441
3587 1170 2622 1983
667 281 650 1311
1440 1192 2029 1845
2782 195 477 1297
1974 1822 133 1800
49 1863 2064 50
2334 625 385 379
2207 291 728 364
2208 413 2712 837
252 1708 2402 40
2226 104 1866 1405
3850 956 1935 1029
606 1227 607 629
3088 1752 205 1575
2501 150 912 1754
3512 155 3711 586
1464 628 1380 623
389 100 3352 1933
1490 1774 2040 70
3131 324 2055 920
1052 1034 2740 262
1809 540 1966 1619
1586 267 2301 965
715 1197 2875 313
3853 1527 2634 205
880 1676 561 740
613 1623 2995 291
2519 255 2762 1381
3059 1082 2579 663
3313 1694 1436 1496
3441 1575 2629 1547
1478 794 1015 1130
1312 423 251 868
1559 745 3331 807
1854 1269 3129 1407
1883 1636 2911 1139
3694 504 3317 1659
3609 957 3317 1053
2670 1554 1303 368
2313 440 2229 1871
2972 1611 527 1199
48 75 1951 951
103 1902 1549 529
813 662 3028 1107
1089 1098 2043 1813
1365 720 3672 545
384 1948 1816 497
2325 122 665 501
2904 1737 1029 1955
1502 1276 449 334
2627 1660 817 1408
370 1209 2070 267
2191 703 488 1298
3661 401 2679 511
3945 133 2490 86
973 699 1270 1984
3871 1177 1343 945
361 1167 1340 340
821 1003 1705 1314
843 1210 2165 1535
2515 576 3778 775
3738 818 1381 1648
2721 495 3230 1241
3807 272 545 161
1077 1409 1822 1901
2103 158 2378 447
1963 88 1938 1907
3487 1029 1370 1647
1892 760 3185 265
2745 563 2431 685
3833 1806 273 898
229 561 3289 1627
1916 391 2343 1352
987 620 1307 107
955 143 2952 119
285 1837 2416 1024
219 1470 2876 28
3491 382 2846 260
3905 598 938 1699
1238 1283 3352 1602
1726 1933 1050 1504
1811 1263 606 612
81 847 638 1020
3689 1986 1460 1654
1211 459 2659 1431
197 1543 2759 796
816 535 2376 865
1180 520 387 1809
3536 1076 1105 1109
1655 1509 245 981
752 1697 94 700
377 1387 837 964
147 395 739 1831
244 215 2164 371
1450 1794 2320 1072
3498 1101 596 347
1815 1461 1443 345
3637 1869 2430 1824
3261 1389 2376 1141
996 1880 1804 1695
3625 238 467 1445
1922 1844 1667 599
1443 435 1836 1328
2484 974 1481 1567
2223 711 3516 1687
2658 316 357 1225
2526 1193 3245 1094
1919 1612 1297 1777
1306 617 1086 226
181 1525 3240 500
935 1778 70 1843
1028 1579 597 1949
1364 1800 2047 784
3156 661 2961 610
3847 323 3921 949
2989 1413 676 206
1671 1196 483 738
383 378 2968 378
320 1777 1003 909
365 228 299 1973
2531 432 3777 1336
852 928 3662 630
2652 1319 1831 1619
1274 1168 2478 916
3765 61 1943 1033
47 1924 3796 1696
3998 399 194 1774
1830 476 492 1996
3459 414 2218 1964
503 1729 1122 1029
245 1414 1358 1403
813 195 3163 655
