3 150
1380 939 1357 1905 3524 1616
2848 96 2650 802 747 1017
3510 1671 1774 107 3420 365
457 334 1307 964 353 85
3888 666 3806 746 2767 1562
984 965 2687 1353 3429 327
2721 1482 43 1957 3106 378
1286 525 3092 1668 729 1637
2716 1432 185 1542 1063 464
738 1325 834 629 2912 511
1251 1832 40 462 125 414
2728 1698 1183 1391 2987 975
3815 169 2048 1628 1877 1068
3683 1533 1097 643 267 1546
1247 1945 1838 1732 2367 1432
123 862 234 1118 2952 1482
1234 1946 3314 1881 3927 1951
252 1240 737 1285 547 743
611 673 779 777 3181 1060
2576 1676 2312 1949 1126 843
928 1700 2576 189 1626 1521
53 857 3078 1541 272 1830
1807 1711 2781 478 2866 1684
274 1420 705 1812 3185 1686
2574 946 3409 1917 151 1699
178 24 323 1714 2055 510
2678 1825 1660 1556 1155 1548
1795 962 3729 1188 1722 1410
3384 1498 693 1383 3205 1575
3520 1079 2361 640 1616 890
1256 61 2433 1538 507 239
1424 1728 554 1825 789 1674
3913 192 913 317 502 348
3085 1528 3586 1909 301 230
2573 1969 2636 727 1099 1244
463 1670 1000 457 477 888
3875 598 482 1337 2693 1988
298 1513 3704 1082 3192 300
3479 821 3635 1174 2809 1803
2542 236 1362 1526 1821 1891
3955 1743 2049 417 393 358
1323 280 2552 1909 2242 481
3447 1830 3939 640 3742 299
2936 337 219 898 3656 518
1621 1830 812 351 2427 659
3373 1646 901 1552 1923 1198
1393 1368 2513 1572 3759 526
3874 1318 242 584 3224 944
938 955 826 1226 293 1089
3022 474 3278 799 698 638
2482 1183 86 1065 789 1871
3854 923 14 454 771 351
376 825 1327 1893 2594 684
2519 135 2773 1286 3620 1269
2945 1622 2469 1838 2270 1904
953 268 3835 963 2033 1394
2628 1479 1031 428 2024 1993
2097 981 3853 1712 2940 1369
890 1846 1868 197 1507 1159
2139 1806 1544 863 1693 1989
2421 1007 457 1607 930 900
2290 1810 3174 1064 2954 235
1115 1052 192 1004 3991 459
2588 302 2318 1925 823 946
327 265 2232 1374 459 1406
241 341 396 828 90 1458
1917 687 2365 1649 3937 452
2991 792 2499 658 1087 1091
2573 599 1410 307 1722 305
19 674 2990 214 3584 1229
3911 1673 3646 1018 3476 1585
872 1559 3394 1028 2864 1275
2863 558 1779 90 2018 1065
929 1766 1058 372 1746 1553
839 620 2933 1459 3788 1490
3893 102 3099 173 2843 1256
2178 1619 2178 978 3775 1336
3822 899 138 1610 2469 1459
378 1048 2082 1753 3810 52
1178 100 2302 1127 2636 818
2599 901 805 272 907 378
3416 143 22 1617 1582 705
2961 1605 3213 1085 713 642
611 1384 99 536 2715 1809
3113 885 1533 1780 1025 484
2597 1830 3564 676 3779 592
2586 1286 29 6 1975 1140
161 906 3808 1375 405 1862
1429 134 2221 291 228 1587
742 1025 3499 1885 2242 1811
1625 1651 3124 408 2557 1790
1187 706 781 671 3349 1092
1787 1009 1027 1041 874 792
22 987 3249 378 210 71
3640 43 3297 491 3672 705
3756 882 213 220 3945 1115
776 392 721 186 881 1845
1724 1642 3736 1542 858 176
198 1810 868 731 179 447
3950 1558 960 303 1781 1596
3477 949 3825 1101 3299 1466
91 1732 2779 435 3383 817
3972 329 201 693 2993 1606
198 1632 2502 1274 1997 1977
1806 733 765 833 3208 1679
538 1023 3105 1823 816 1553
3430 1088 1937 1400 3235 1947
2186 766 3364 1498 3483 1905
1513 1646 3702 1624 2826 340
2143 1611 2164 1874 446 217
53 1657 3019 189 1447 1177
3404 1307 3098 1594 188 230
1034 1344 3239 1376 3371 1199
2823 376 3359 1693 907 1110
3104 1931 2081 1011 2118 1733
3232 324 1398 1100 55 1364
2790 1457 618 1953 1145 20
374 9 1878 59 684 1939
741 146 3803 886 615 1700
3083 1938 397 1217 3060 1271
3502 1067 3035 152 3348 1683
1280 237 2502 146 172 724
3326 1846 3230 380 1284 23
217 38 3479 1023 358 1340
2503 1172 958 1670 27 639
3527 41 3423 1241 3267 609
739 1850 78 1066 199 5
3548 1999 96 691 679 954
48 154 3431 78 3115 312
1419 872 2053 1461 1133 465
1689 1223 3048 1 2931 677
3468 1404 571 1711 2990 69
1628 253 3393 782 1047 455
382 872 2835 1472 549 1162
3029 1242 144 1185 3884 461
3646 1758 923 108 93 293
285 1029 989 1997 2750 1763
1782 93 3061 1211 753 1867
1067 371 2977 39 1413 121
2849 1214 1668 658 346 1260
920 1835 878 715 1302 627
1741 712 678 1599 764 525
876 220 1086 868 1380 712
2753 283 640 110 270 1602
2609 1286 3551 1673 3800 1142
3941 258 106 1267 3499 314
3613 523 2243 1332 1491 1990
1754 559 3796 1401 1374 723
2916 1724 2643 1320 2653 1868
2445 1820 48 267 3941 560
