3 1000
1357 1905 3140 1401 1823 1820
2650 802 556 1056 2441 991
1774 107 3675 1522 68 1575
1307 964 1182 1853 3448 36
3806 746 3595 111 1659 264
2687 1353 962 1895 1536 1710
43 1957 2030 1186 197 368
3092 1668 3507 1851 3809 12
185 1542 2642 1269 1369 1347
834 629 3438 901 2533 1755
40 462 3858 1472 2300 26
1183 1391 2937 1568 1981 127
2048 1628 376 1018 1511 1008
1097 643 839 1355 2851 541
1838 1732 706 1925 3115 339
234 1118 749 920 1013 95
3314 1881 298 615 28 611
737 1285 694 552 1283 1285
779 777 387 190 117 1903
2312 1949 2801 695 55 263
2576 189 3133 1143 3884 44
3078 1541 1517 266 1826 1769
2781 478 1538 224 2739 1757
705 1812 844 520 3611 71
3409 1917 2639 1239 2544 1166
323 1714 3123 217 5 606
1660 1556 2489 1520 2356 771
3729 1188 3834 1827 388 759
693 1383 3417 1808 2442 857
2361 640 2938 543 3465 1300
2433 1538 71 1323 2979 748
554 1825 3245 1828 1183 780
913 317 731 1741 2580 1044
3586 1909 2312 1270 3454 1872
2636 727 2426 1851 1621 677
1000 457 380 478 2802 1809
482 1337 2310 635 3087 1534
3704 1082 2830 775 313 794
3635 1174 3829 513 1719 5
1362 1526 3684 445 1735 792
2049 417 171 514 1876 1839
2552 1909 627 1261 92 82
3939 640 1490 1123 1135 172
219 898 61 81 3206 1810
812 351 422 542 1331 429
901 1552 2698 1221 3052 1983
2513 1572 2372 127 407 1431
242 584 177 1390 3310 1430
826 1226 3084 748 2645 1835
3278 799 1213 910 2572 1649
86 1065 3 1817 1396 90
14 454 1782 995 282 421
1327 1893 3896 742 2599 1132
2773 1286 1829 812 3689 1840
2469 1838 1286 550 1422 1808
3835 963 3017 108 1243 1154
1031 428 2132 1432 3399 1484
3853 1712 2000 1110 1713 1215
1868 197 3317 1966 3132 730
1544 863 1729 1498 990 303
457 1607 2408 1747 410 840
3174 1064 3292 152 2150 1328
192 1004 193 1210 1279 1144
2318 1925 782 1462 2249 52
2232 1374 2503 352 2208 841
396 828 1697 1924 648 567
2365 1649 3821 147 1722 1396
2499 658 3370 791 1990 949
1410 307 3162 367 322 984
2990 214 3938 516 810 346
3646 1018 2741 1583 2093 1995
3394 1028 2330 741 2391 1778
1779 90 3918 1088 2930 773
1058 372 1794 1589 3862 995
2933 1459 2929 485 695 1625
3099 173 3453 1998 2799 534
2178 978 896 705 86 1851
138 1610 399 850 736 1235
2082 1753 2614 195 3966 1265
2302 1127 2800 653 745 1082
805 272 2630 20 2667 1081
22 1617 563 1513 79 69
3213 1085 1090 1652 1713 251
99 536 2009 1163 1932 512
1533 1780 3876 1165 1788 1119
3564 676 3084 774 1500 1504
29 6 1526 1612 3457 1899
3808 1375 1612 328 1461 459
2221 291 1423 1322 2323 1186
3499 1885 3058 1276 1412 718
3124 408 3782 1865 905 1724
781 671 347 252 1773 458
1027 1041 3904 1444 175 1095
3249 378 2191 1579 2527 641
3297 491 3220 1454 2017 879
213 220 468 319 3370 917
721 186 3611 1968 3400 1921
3736 1542 3114 1629 425 273
868 731 3515 1892 1475 1891
960 303 3060 155 656 1310
1380 939 2995 264 3737 1284
2848 96 202 233 2962 1918
3510 1671 981 848 2389 1040
457 334 1346 408 3431 1213
3888 666 781 670 2632 367
984 965 1009 1001 3030 1859
2721 1482 2927 1777 3744 1586
1286 525 2982 949 2741 379
2716 1432 555 1121 563 1221
738 1325 464 1302 1397 1805
1251 1832 3452 637 225 306
2728 1698 571 1982 3788 1257
3815 169 2656 128 1240 1228
3683 1533 1623 1723 3207 1806
1247 1945 2067 694 1528 901
123 862 1725 927 2851 1820
1234 1946 3600 459 904 1405
252 1240 1109 1196 2264 1354
611 673 366 339 3109 1272
2576 1676 778 1282 1876 1067
928 1700 386 1616 2017 1907
53 857 3918 1217 3682 263
1807 1711 3332 1049 3058 435
274 1420 2597 349 779 705
2574 946 811 1295 3374 815
178 24 241 1069 2369 285
2678 1825 2658 360 2879 1818
1795 962 394 1944 3950 1004
3384 1498 3786 1862 742 223
3520 1079 264 36 1706 995
1256 61 2050 1833 674 85
1424 1728 3538 125 3247 1944
3913 192 1646 1817 3160 1232
3085 1528 2993 624 2845 503
2573 1969 547 25 1479 461
463 1670 3373 1902 3808 636
3875 598 460 267 2616 1780
298 1513 3060 781 3971 470
3479 821 1828 456 1669 129
2542 236 1021 962 2148 351
3955 1743 2347 388 1063 1265
1323 280 3535 1112 3724 152
3447 1830 1529 581 1351 1612
2936 337 1203 385 1059 1053
1621 1830 1787 1902 57 1460
3373 1646 2740 1101 1489 1928
1393 1368 555 1753 103 230
3874 1318 47 363 1260 1506
938 955 3935 540 765 1096
3022 474 3062 329 3668 441
2482 1183 387 199 3769 473
3854 923 2901 920 552 986
376 825 931 512 244 1795
2519 135 1766 692 3704 1202
2945 1622 401 980 243 60
953 268 149 1629 2472 1058
2628 1479 2214 1977 446 1927
2097 981 3805 1619 3598 1010
890 1846 1179 969 947 1075
2139 1806 1017 333 3832 43
2421 1007 2834 1512 2109 1536
2290 1810 634 294 721 1984
1115 1052 1819 814 565 1861
2588 302 1393 859 1058 1397
327 265 1768 1578 2889 1008
241 341 3023 871 2647 316
1917 687 3248 1906 516 1675
2991 792 1632 1742 509 1405
2573 599 2223 990 2868 689
19 674 3868 697 3200 18
3911 1673 1541 354 3236 368
872 1559 2374 1944 640 1099
2863 558 1962 389 3272 397
929 1766 3007 1524 1640 266
839 620 3220 1945 2017 1831
3893 102 2356 1568 920 1048
2178 1619 1604 706 1354 1877
3822 899 2028 1736 187 623
378 1048 2581 121 123 562
1178 100 2221 1578 2018 223
2599 901 2944 632 2810 1198
3416 143 1082 1561 2390 245
2961 1605 997 942 3366 627
611 1384 2334 523 1239 511
3113 885 1264 1090 1150 1810
2597 1830 1699 1294 157 1247
2586 1286 235 1059 3067 738
161 906 2592 248 2809 203
1429 134 3642 699 2650 618
742 1025 3599 514 3908 1765
1625 1651 1766 678 2053 582
1187 706 240 619 3087 1455
1787 1009 1272 246 1711 1370
22 987 3503 301 828 1654
3640 43 80 1533 495 89
3756 882 1677 1238 1825 1092
776 392 3766 154 1684 906
1724 1642 3946 459 2238 1461
198 1810 1994 1852 3373 1731
3950 1558 278 165 3115 1133
0 62 3181 1849 3594 382
3444 405 719 817 107 1003
1091 1343 397 944 3995 1696
1274 323 489 939 867 1966
1488 851 3148 8 107 288
328 949 556 1606 3896 1997
282 1681 176 1854 930 161
238 586 1670 1753 2472 1924
3669 735 2425 1347 3369 1841
3098 655 2504 597 844 55
2790 1688 2430 240 501 499
2871 613 3740 1232 2107 1341
650 658 31 1836 1840 656
1864 493 2462 1984 2609 1590
3302 558 1609 1454 2716 295
1927 298 531 720 754 1415
3497 574 1023 1155 2195 956
3091 1952 3641 1867 2695 238
1970 1775 3455 1712 2035 1223
3309 40 732 322 57 1315
564 287 2322 1278 691 355
2003 43 2462 999 1428 108
2371 19 467 737 2794 1211
3097 1301 2408 1215 3322 1999
3081 1416 3804 189 89 1330
2230 412 1702 1649 3004 1105
2724 1185 608 1547 2416 1451
3821 1288 2775 77 420 1083
3993 487 637 723 475 66
2704 591 2900 610 2943 298
343 1544 1272 1351 53 1094
1981 1763 3228 1653 884 1288
2039 1146 865 533 598 1088
3812 1369 1996 308 743 1070
1354 15 485 1576 861 1458
2821 1977 1605 1430 3804 1905
3096 1499 242 1175 2986 1707
790 287 237 59 3321 158
3654 1568 1378 1025 3266 259
2357 1729 3721 452 3013 1846
2757 575 2322 325 1399 720
374 1257 2320 1430 1420 758
1120 1754 1887 146 1311 904
644 546 2133 252 3267 1071
2174 1921 3794 1121 3944 1074
697 314 1794 1745 1918 1363
1072 354 1721 443 379 1653
2307 996 2168 1908 632 5
1140 311 1063 624 711 542
2439 1479 1709 1698 1218 1546
2985 160 2572 997 2414 657
305 119 3195 1230 3203 1749
426 1591 2094 1412 1772 1337
3223 763 2508 1103 1425 504
2448 873 1571 120 569 1656
2963 987 3150 67 1442 1797
1365 1637 3493 289 537 1843
3268 282 1186 764 199 1166
373 134 2005 135 1535 1679
241 387 2305 1741 2649 1333
2691 454 841 133 3515 425
2281 508 1678 472 208 183
1463 1674 1276 1276 3718 1712
1258 629 2299 603 1049 769
2625 1384 287 853 3743 1777
3611 637 514 1126 1849 1323
1914 592 110 713 2724 1783
3066 1481 402 1723 356 90
2207 1447 3376 1482 2053 1073
1646 1084 3715 978 2757 325
2383 1761 1020 709 2766 1026
2675 224 3047 692 1367 1584
1886 807 1141 1395 1288 1031
459 107 2942 5 116 1767
2194 1346 16 1896 2933 550
322 1843 2599 1558 1162 1008
3354 1362 1435 644 1031 680
3708 554 2895 404 609 18
2803 1468 3566 1675 2983 1115
1999 1327 1379 886 3214 782
632 460 1519 1423 3346 1091
3786 729 3960 1214 2325 248
506 1973 2809 1746 872 1131
1225 108 2938 1940 3006 194
407 1733 1898 662 3721 697
2217 1394 107 1064 1670 1983
402 1337 1011 758 3171 1311
66 619 2579 990 2808 398
3617 1070 1405 1739 1066 110
1308 884 43 1040 742 523
3602 694 2283 89 3994 1048
1415 975 1134 1752 1640 1165
286 1701 1540 1319 3794 1321
3041 360 3604 1684 609 602
3691 987 1534 748 1463 180
510 1784 1982 1936 1457 1570
1612 415 53 1321 2063 1934
3228 1174 1408 114 3406 866
439 1246 3689 1398 3388 899
3710 1081 3328 1942 59 786
585 1227 2919 1179 2110 503
3848 1166 1390 1170 2346 326
1789 1252 373 1678 1622 193
1491 862 3545 798 373 768
3789 1739 225 1199 1355 1017
2030 1422 3259 1305 1196 942
1732 1983 1279 1154 3233 1770
3733 1246 1650 537 2407 1469
1912 974 3455 504 1870 982
3964 1982 2949 1062 684 1352
2186 295 3351 1533 2730 883
3030 1015 907 70 1912 1526
1609 98 3985 1087 3050 1291
2588 370 3992 235 1418 1749
2229 1466 2174 1894 514 259
68 1632 1302 386 3144 1990
2983 1023 1977 1042 519 753
1525 955 151 1324 452 1364
2628 134 3645 1229 3681 1984
375 787 3236 639 303 1378
1640 1537 2503 853 66 1298
2453 1367 2353 860 1460 265
2027 746 1222 1557 2731 921
2811 1625 2580 1787 1456 1593
991 75 3905 313 2236 1003
724 1542 3867 353 1110 59
3371 1629 1416 1644 3366 490
310 602 3982 1850 2243 733
2811 97 2418 67 3473 160
1228 1390 3733 869 47 622
2589 695 1527 1367 2300 1080
872 1966 420 800 249 1306
40 107 1036 1781 2471 1116
2512 1085 442 1227 1316 1102
3520 759 3644 693 3775 1655
807 863 3006 1072 3356 334
3837 1283 2626 934 1829 565
1146 1988 3867 1824 1555 76
3097 493 881 1280 299 42
2226 1065 1044 1700 3514 460
891 744 3298 236 3855 496
341 185 1442 84 3713 270
2775 997 3874 711 3069 1950
2782 1327 330 79 2002 1664
968 436 2024 1669 2429 976
2817 659 2591 1530 2304 1747
2209 0 3520 1350 1884 1205
1665 368 3710 1350 673 332
2719 1640 2499 1161 2717 1832
3918 79 1407 489 124 1
3186 1683 1970 1822 3412 409
1841 477 1883 1415 2355 804
1737 1113 3265 1871 2993 335
982 221 1586 411 233 1999
3804 132 3871 1115 1764 1547
547 1741 2459 1572 3161 1877
857 846 74 114 1493 525
2955 11 3600 1818 258 337
2901 405 3860 1316 2440 27
31 902 1258 778 652 1539
2714 1456 506 1900 2232 893
261 191 2132 1884 3027 1597
2734 1239 2302 962 3119 941
2547 838 3870 1531 2848 1511
548 1190 2837 101 1786 784
2916 613 1753 1627 348 228
1913 1368 1288 1024 254 1103
1593 669 1456 1390 3699 615
3255 571 3156 249 148 738
2900 158 2856 737 1921 113
2574 1476 872 1510 379 356
1406 483 806 102 3068 432
2696 650 2731 948 540 962
769 1276 1826 26 1731 1960
3814 1770 3567 695 3418 1160
706 698 639 373 1036 787
3249 902 3628 922 531 223
527 1158 1483 1501 1754 1510
1370 1180 3082 979 3270 108
682 37 2163 248 2707 1262
1615 730 579 680 427 1288
738 1524 3749 62 3526 502
1546 181 1323 1366 1023 1269
1242 138 1877 1126 3725 1726
872 607 1093 808 2283 1433
1898 1048 586 827 3754 811
1394 1245 1625 569 1006 214
1499 780 2626 1396 3536 1576
2780 833 1831 892 206 1784
2049 393 3174 84 548 2000
3144 912 2252 742 1219 168
515 1741 2904 1698 2786 1042
2335 1929 1220 1056 2076 490
647 1885 1336 1859 1032 951
2886 1495 2135 1833 2568 862
2296 1280 412 1810 2677 1932
574 639 318 130 2975 1461
2681 1803 1226 124 928 1975
1495 396 2864 568 2097 185
1030 1238 1860 1161 2019 1224
640 342 2716 1543 1208 942
3248 1511 566 1604 3077 1503
1851 1316 2947 1483 268 1887
3191 1646 2126 169 2470 1100
1854 1637 60 899 390 1153
2310 1168 2433 1872 271 719
1727 1548 2041 1247 1530 1591
1551 193 1992 315 3638 1377
3213 342 3323 140 2221 31
2169 192 3261 956 2225 1209
3291 1656 2683 470 1580 1469
3439 120 1627 1939 3608 281
2246 523 1226 1736 1815 1461
1949 545 2441 34 1196 1270
3682 288 3637 1547 276 1426
1441 110 3783 941 204 148
1915 1956 2883 1764 2011 1928
3118 1179 1660 1648 1303 722
1184 1093 1573 258 2884 1794
3361 10 3307 1070 1491 435
108 1856 135 1744 2023 1977
2797 1295 3301 1701 3886 1268
3847 256 3025 1667 457 5
3649 1413 2154 1478 2995 1602
3381 1236 3136 1604 188 1856
1311 1236 88 1582 213 1991
2358 672 1602 1153 1172 279
1082 1849 3668 409 1134 66
950 1882 1190 1775 3580 950
3996 992 3989 405 1045 1474
3148 735 450 562 2281 60
2693 615 2101 1006 3617 1459
2935 1963 837 399 2383 1753
1253 342 2359 1386 1907 1729
1772 1759 3962 1481 2811 1693
1951 224 3387 1243 948 487
2849 261 1189 1671 3186 1568
2850 610 1343 335 1633 820
515 18 2740 1644 1874 1324
3189 1475 1169 1985 2282 582
343 1024 2515 1308 887 1798
2482 60 522 280 2527 1556
2265 1418 3803 457 3470 1531
288 157 66 1172 1967 1569
198 1447 76 1132 440 300
571 899 2814 211 2655 600
629 783 2052 1653 891 214
1601 1370 2205 125 930 414
3565 1781 3215 792 87 105
1322 1919 3617 1955 297 1167
2302 1783 979 1065 1126 644
1137 1476 985 1985 3089 177
3458 58 3688 597 1918 1310
30 757 3216 1166 792 40
1680 1467 2629 1535 36 1110
3988 1671 2107 265 2554 1874
498 1452 1254 1485 1292 1846
632 1784 2422 451 1813 620
3731 1438 2806 933 1242 1084
2013 1188 3846 1538 1032 79
2904 254 2508 114 429 1706
3511 1612 1478 612 76 69
3109 1642 3542 1316 3007 1183
3761 118 574 244 708 1367
2735 482 968 1071 428 1636
3555 235 2203 24 59 705
3525 788 2802 1203 1592 434
2656 1860 1531 1624 1983 554
380 1109 2412 218 1435 1857
2456 1788 1391 122 1350 986
1360 1390 1447 978 559 1769
3425 1196 854 779 1857 895
1306 1920 3462 1155 1272 741
3271 937 3463 1028 2008 220
1537 1436 3445 1414 1623 1861
2777 1989 2845 1852 7 41
1045 1991 3421 807 1285 1485
3219 887 360 1299 81 1655
1633 678 1331 1331 1553 409
333 508 2497 1339 1295 1846
2437 795 1360 143 2141 1683
744 1021 2695 1790 350 345
251 1555 2919 370 2888 1553
3809 378 1269 1520 511 443
1123 1932 2451 13 970 1631
812 161 2151 1657 1686 1136
1632 732 3263 893 1308 1341
439 1152 2106 19 2289 20
3290 1487 1557 114 816 873
2473 1454 1129 478 252 733
527 1268 1866 1017 89 741
2660 513 3712 1489 3710 1351
3658 1006 63 1081 76 903
659 885 1647 494 2866 1989
3312 1413 1144 759 3567 974
40 95 2080 1417 1489 790
3724 1106 3966 1697 127 1837
2244 1415 1485 984 641 805
1355 20 2133 1320 1683 1330
1459 936 3256 62 2862 1963
3565 591 2921 334 2805 1055
1396 718 2967 24 1790 833
1284 1766 3484 1000 366 1243
2908 1394 2522 1883 3669 1917
1878 102 3099 915 3387 919
1331 1517 1527 819 757 1195
3732 211 324 1748 10 948
275 1312 479 1044 2298 1706
85 156 1998 1854 2321 86
1048 1260 2472 683 1823 270
2798 757 192 16 3231 82
2489 544 401 141 3748 517
3606 582 3705 1565 253 692
1610 1542 3926 1908 163 580
3768 1961 3804 104 556 508
499 1955 2402 246 2903 1687
75 1868 2883 531 2305 1098
1910 655 948 1746 3914 83
136 24 3744 1613 3416 1416
984 1866 3852 207 2264 1935
893 1045 2170 797 1243 593
1537 753 492 1817 1815 1220
1288 1998 2492 502 2619 817
2348 28 1968 1105 2999 130
1036 1201 829 1595 1653 843
3892 1649 1621 627 3479 440
2427 605 1694 276 2999 1567
2955 229 1646 1853 1262 97
1104 616 2647 1089 2722 449
3557 1227 963 1232 38 489
752 686 2688 1287 1853 1055
1633 1527 552 1901 1312 898
3630 1526 3080 246 3395 137
1909 493 3427 4 3660 1157
1893 1280 2275 177 1069 330
2403 103 3450 1086 2289 221
3635 509 3654 830 2013 1114
2991 1237 2158 544 2165 1187
588 1319 3743 1428 2460 1946
3482 1741 1797 589 1275 649
1429 493 1614 1529 2933 1531
1627 328 3755 700 1035 862
3610 951 3143 1053 407 312
2519 937 2573 1028 886 871
1669 399 2822 192 3609 760
3791 631 2728 726 991 1153
2950 496 2809 399 2542 1022
2089 626 2369 1672 714 369
2664 398 1903 209 248 1429
3220 551 1206 554 2086 134
3246 1012 132 82 2683 752
3437 536 2721 782 3363 1877
3925 801 1646 1003 2518 563
2286 202 1905 202 2108 667
3462 500 3587 49 3610 55
465 175 2699 1076 1480 645
3977 567 3652 650 2613 226
1112 196 2333 1298 3756 955
820 1726 1 1755 1257 273
1982 430 742 317 985 1521
407 1442 2232 626 964 1739
2936 1066 2255 1731 1620 1667
974 1670 1081 479 2288 1648
2188 1801 1741 1028 2540 218
172 1723 1557 682 2337 1904
3733 1305 400 1432 2800 975
2447 602 1185 1752 3016 1492
3421 1255 1380 1335 1978 1040
152 1638 53 1833 2294 472
2079 36 425 1274 718 1953
3306 777 2345 1918 1617 1614
3150 1706 3718 927 2680 1451
1959 365 2053 1485 2203 1660
1268 306 2126 1099 549 1059
2091 766 2544 817 875 1764
1212 124 25 151 869 585
985 666 692 678 3981 729
3681 999 1895 871 150 1037
1001 1399 3234 596 2394 1740
3311 259 870 222 1576 1252
1711 1145 60 1458 2126 1142
1402 1386 2436 957 3618 913
3313 1340 114 637 3383 164
755 4 1458 566 2390 1701
3263 141 596 373 3172 1730
3087 286 3725 1521 981 1788
1075 292 1152 621 3501 1995
2449 1369 210 1285 36 99
3212 1237 3740 94 1031 1180
1078 1867 3216 1060 32 434
1022 1815 3858 1709 907 1022
3139 1091 2607 743 2312 1053
3632 394 3827 1163 1051 1634
2773 54 1309 50 117 30
767 1775 3807 1852 826 304
3904 1862 2268 287 859 1896
3404 717 3241 1860 986 425
2241 1581 55 1728 933 777
3223 424 2413 1223 3779 504
897 184 3294 80 666 1319
770 839 2808 203 1078 493
91 1654 3121 1990 1086 876
1288 93 1955 1776 1819 1610
2338 853 3845 72 2563 602
2140 936 3450 66 2681 1487
3590 245 1000 423 3530 556
771 521 3844 931 3122 1333
1754 61 985 87 3761 1304
1142 358 3077 1429 1621 1597
3025 1011 1471 453 3793 1642
1573 1800 2153 1380 138 1213
3474 1127 761 1036 2927 1848
3933 896 742 744 3800 1094
327 835 1307 625 3758 547
1117 954 389 1025 135 1899
372 853 1543 1260 1313 816
747 1666 34 1436 1519 1568
1935 1997 3245 1006 2602 398
28 132 3512 1031 383 1271
3856 506 2606 1995 2383 1349
3706 1623 3730 522 2586 1822
3911 963 2187 708 1612 156
2060 440 1213 13 1978 611
2110 1420 1971 1957 15 37
2869 1695 3693 1354 3840 1713
1312 1806 667 546 3897 705
282 1381 2439 344 3141 215
2591 1230 3488 1065 310 1831
543 546 2017 496 945 996
1802 249 1559 811 1315 1054
1498 1939 1159 590 137 814
2765 725 1171 1273 1500 37
3829 1963 3431 718 740 1096
3524 330 2040 175 795 1586
937 1271 1395 64 2735 405
1104 1329 786 538 685 1844
3437 1866 2942 113 2908 135
1214 1699 798 1718 1711 799
3175 1033 1492 1517 698 521
326 1209 2686 1911 2924 820
2731 950 739 1348 3885 343
570 1533 2498 77 2588 1891
1319 1331 1641 1938 543 804
2887 1 1898 1751 2281 619
1042 938 334 1035 2999 140
867 1079 3487 1728 2541 112
2433 295 2655 1494 2996 1178
2723 168 1456 1065 301 1050
3216 475 1970 1223 3890 536
1826 824 2759 388 2816 1379
3224 1275 3989 588 674 951
1246 982 2992 1969 2512 533
3422 638 3260 1023 928 19
2733 288 2166 1536 661 383
3963 1669 1017 1037 837 1699
3579 1126 2565 1286 810 728
3208 71 3091 353 1106 1320
1799 439 3874 75 818 1806
672 1370 1551 1389 1908 977
3056 1927 3755 1253 4000 1569
3802 1747 773 1808 427 1588
3788 737 1081 1102 2143 460
3550 842 1621 349 598 538
1958 1210 3991 1364 2714 956
668 1357 2433 658 3410 87
3873 806 1973 1812 2152 679
1656 817 491 343 2940 833
507 1780 2144 1337 409 802
314 1319 2668 967 3519 762
3763 721 2936 528 1401 1665
1832 1621 2938 1198 891 308
2113 526 3357 1200 458 647
3342 416 1439 1840 2932 1172
62 1929 3019 851 2731 669
1891 123 772 1954 2031 9
2857 152 1135 508 2020 1186
1755 1058 225 1796 2373 1591
892 794 3643 937 1352 15
2040 308 1613 793 2668 549
1241 1533 679 681 1125 226
2510 168 1416 1261 1570 447
2757 758 1560 1900 2176 229
2565 1476 909 1103 2791 1073
177 695 3474 472 3526 1799
1327 1694 2965 1190 3482 334
3663 1145 3068 1340 3942 484
3756 71 1217 1656 3752 1700
1230 419 1120 555 232 1546
2738 746 284 1814 1609 878
482 566 3471 1996 3142 562
89 1122 2719 922 1088 1436
3108 476 2425 1238 191 1248
2396 1358 3395 1511 2120 474
2569 973 3788 1520 2602 1114
657 1325 999 1499 3047 1143
409 475 1736 1306 3947 102
3628 1873 1326 1802 2721 1606
1635 321 714 1383 2309 43
3846 1738 66 672 3544 504
2606 1353 525 1985 3240 511
238 1956 1762 470 2170 779
1856 1863 1833 900 2834 1705
2269 104 630 1098 3370 1048
1298 1472 2228 30 160 728
1564 1231 1940 809 1184 1890
2246 66 2079 383 1005 220
1941 806 3620 1614 2051 327
1693 1353 328 1944 3965 1854
3785 1543 2800 996 2776 707
3273 1157 1443 1420 2579 1162
3715 435 960 169 1121 9
2359 1032 3692 1311 2265 1650
3470 844 2384 1581 286 471
1724 289 3940 275 3918 1633
2954 993 1596 886 2156 1822
3208 40 3157 1267 543 1731
1385 702 482 1115 2480 121
1825 1335 1814 415 413 1245
3467 714 764 1242 938 1890
1746 7 3366 90 3147 86
550 1445 2533 1892 1010 305
2605 1303 1003 166 1705 1006
1686 519 515 1380 3091 171
1557 1896 3855 1909 1878 329
2542 915 2770 1823 2613 550
1518 1384 3848 1486 2745 479
1094 83 1491 1538 2662 200
1052 1854 1386 549 2922 907
2047 859 2622 429 1128 76
2306 615 1056 1870 405 1859
910 1539 1946 1612 3550 1779
2459 1694 1536 494 1359 690
3671 939 362 964 1661 1144
3116 177 906 1376 3016 796
3012 800 19 839 1237 1806
1065 5 3531 978 3184 411
988 370 2 660 2810 1563
870 308 3718 780 2473 850
1123 511 3259 1603 112 1740
2705 1874 2333 1197 415 1038
1849 1181 3446 1100 1749 140
3882 1847 1555 848 108 131
235 621 1398 1371 1772 227
1511 1248 3974 655 544 1695
3934 1102 1886 711 1349 1406
723 408 3192 744 688 528
2294 579 2374 749 2411 354
1898 1914 2146 619 3904 404
560 76 2449 1389 1642 1849
1338 1162 320 1555 3203 582
535 1539 3979 664 2447 1536
3049 1712 3526 635 856 976
1980 837 226 689 521 684
1176 570 176 1063 3887 25
923 1425 2619 1227 2461 1057
700 846 3748 1069 294 26
3847 880 1385 691 2409 285
2106 1019 1834 1773 229 333
3189 925 10 55 2608 1886
3915 96 1767 979 1030 1130
3134 781 2375 1072 3149 1087
947 1162 545 1399 1974 26
1844 1623 664 412 835 1698
1632 518 2016 957 3130 1757
1569 730 227 204 2445 1992
2284 1242 1970 919 2781 1152
3078 430 2591 1928 662 888
1287 541 2859 51 2909 70
1835 1431 796 1141 1164 1658
1134 705 808 1529 3456 1379
379 623 2261 1005 1526 854
3243 39 617 1825 2834 650
316 1963 3344 1077 3069 689
1503 589 3445 1271 3944 218
2398 1516 810 342 193 1380
1472 29 842 543 2460 1099
87 261 2373 1943 3711 1749
1184 1534 1852 1770 2276 1828
1071 751 3507 1590 1554 1436
2481 1997 837 1478 3352 1357
156 217 2718 114 149 793
2821 1423 2735 1114 2347 1075
3977 1216 460 1126 2122 608
2497 848 3432 1342 2087 381
958 1414 3878 1258 2729 956
3204 636 3931 845 799 687
2966 592 580 957 1423 1667
2891 1476 2009 848 864 971
2097 1481 1604 292 3471 1767
831 945 2057 1080 1368 1505
3019 1513 2791 748 1764 1591
3862 968 771 1393 1950 160
335 1073 2733 479 1438 1340
1710 21 3409 1761 2323 119
3367 367 491 975 1479 1542
365 425 2270 1868 2339 980
3839 1476 1276 1638 1824 1223
3413 1571 2112 21 1899 670
2859 709 3263 1199 1444 1736
291 415 2177 1586 228 538
2669 838 3751 1485 1742 1030
1381 1101 1516 1684 38 1358
1577 1307 3833 1471 2232 0
895 41 3307 1349 2980 777
3523 1024 3774 102 1692 697
1479 1303 2844 884 3112 1309
2708 806 2288 858 3847 752
3479 1648 892 623 3590 833
729 1097 1891 1518 1963 667
2802 1064 1093 1813 14 383
2655 1026 3530 1098 226 1428
2318 1138 3107 853 560 681
3483 1425 2663 433 313 1614
2728 106 181 589 1364 604
1409 876 3989 1373 3044 193
3844 1930 2837 894 2255 200
3349 407 1006 53 1858 6
222 1247 3346 1254 3010 1255
1163 900 3587 216 1308 1465
72 525 707 570 1863 1655
1994 1834 1773 1055 3106 25
1394 284 2792 1898 2984 1700
1182 441 2945 535 2065 141
279 1709 3355 356 1664 1018
3182 865 593 1679 2821 1403
3299 1512 593 899 3268 570
918 1437 1845 1767 1989 1463
938 1379 949 1191 2135 1937
1020 635 1956 940 709 1784
3996 853 834 1297 347 310
3377 841 2942 1153 363 1924
1896 988 3967 405 2810 1006
445 1484 2546 970 3343 298
2849 623 1016 1294 3082 39
2740 1658 723 145 1075 885
800 1623 3220 1784 557 505
1969 814 3832 482 846 1334
3087 1917 2700 867 2905 1166
223 618 3722 1927 3297 1303
1781 1701 1121 1750 1366 560
2671 1568 1901 1362 1818 866
602 620 1410 522 2522 892
202 467 1975 75 3834 1834
2384 297 2212 1670 3612 869
1440 1337 2542 378 663 1960
3008 1043 3775 158 3507 1195
2576 884 3735 326 56 1160
2745 89 2938 290 3648 1553
462 88 1588 26 1807 888
2945 1189 3933 72 3559 363
3384 27 1434 1488 3059 1912
1019 1937 667 296 170 69
2972 522 2496 494 2980 265
1633 1636 3178 69 3761 1681
3674 697 2889 1461 1328 1973
3068 1076 1966 991 1846 1105
3235 1053 3185 748 585 276
2677 48 858 717 2004 1061
2617 1137 3767 394 2368 728
2379 947 2125 1111 1301 588
797 1416 123 749 1824 1308
121 1314 521 715 901 1319
2880 441 1297 960 1407 741
2254 641 3929 1754 947 908
2972 892 1662 795 2073 1431
755 1309 3319 388 545 1157
237 605 1224 1759 1301 238
235 1976 3681 1441 3384 447
3587 1170 2622 1983 1817 1203
667 281 650 1311 3513 1987
1440 1192 2029 1845 3061 419
2782 195 477 1297 411 126
1974 1822 133 1800 3063 1387
49 1863 2064 50 1508 2
2334 625 385 379 3577 1228
2207 291 728 364 3995 971
2208 413 2712 837 2348 343
252 1708 2402 40 1388 232
2226 104 1866 1405 25 1188
3850 956 1935 1029 2313 783
606 1227 607 629 727 92
3088 1752 205 1575 3918 398
2501 150 912 1754 885 365
3512 155 3711 586 1855 1890
1464 628 1380 623 3736 209
389 100 3352 1933 2955 391
1490 1774 2040 70 642 2
3131 324 2055 920 3960 645
1052 1034 2740 262 445 1934
1809 540 1966 1619 3787 424
1586 267 2301 965 3420 1791
715 1197 2875 313 3792 1180
3853 1527 2634 205 1052 1771
880 1676 561 740 3750 1939
613 1623 2995 291 1625 692
2519 255 2762 1381 3995 1958
3059 1082 2579 663 692 1336
3313 1694 1436 1496 3548 184
3441 1575 2629 1547 2104 1197
1478 794 1015 1130 1173 1697
1312 423 251 868 150 1254
1559 745 3331 807 584 1538
1854 1269 3129 1407 2678 1284
1883 1636 2911 1139 2991 1892
3694 504 3317 1659 801 1333
3609 957 3317 1053 1355 378
2670 1554 1303 368 3614 1218
2313 440 2229 1871 2658 1167
2972 1611 527 1199 1421 1122
48 75 1951 951 1372 1655
103 1902 1549 529 2790 47
813 662 3028 1107 2660 127
1089 1098 2043 1813 2585 1492
1365 720 3672 545 3765 1324
384 1948 1816 497 926 859
2325 122 665 501 642 1192
2904 1737 1029 1955 3054 1495
1502 1276 449 334 1191 709
2627 1660 817 1408 3418 1564
370 1209 2070 267 797 1924
2191 703 488 1298 2150 1811
3661 401 2679 511 3795 208
3945 133 2490 86 3237 1765
973 699 1270 1984 1365 489
3871 1177 1343 945 1558 708
361 1167 1340 340 3332 958
821 1003 1705 1314 2419 1061
843 1210 2165 1535 2079 976
2515 576 3778 775 855 1934
3738 818 1381 1648 2802 767
2721 495 3230 1241 272 31
3807 272 545 161 3467 864
1077 1409 1822 1901 2490 78
2103 158 2378 447 384 1425
1963 88 1938 1907 3267 1500
3487 1029 1370 1647 3131 607
1892 760 3185 265 3616 1442
2745 563 2431 685 746 369
3833 1806 273 898 2439 1942
229 561 3289 1627 1262 1071
1916 391 2343 1352 388 1168
987 620 1307 107 3927 244
955 143 2952 119 762 1694
285 1837 2416 1024 721 1440
219 1470 2876 28 2631 1264
3491 382 2846 260 2257 1937
3905 598 938 1699 1133 29
1238 1283 3352 1602 1493 66
1726 1933 1050 1504 523 1248
1811 1263 606 612 2846 1608
81 847 638 1020 1322 793
3689 1986 1460 1654 621 70
1211 459 2659 1431 3600 1183
197 1543 2759 796 3175 723
816 535 2376 865 2218 556
1180 520 387 1809 3023 1578
3536 1076 1105 1109 411 667
1655 1509 245 981 3648 1945
752 1697 94 700 3072 234
377 1387 837 964 3740 1084
147 395 739 1831 1241 168
244 215 2164 371 1930 1173
1450 1794 2320 1072 606 1767
3498 1101 596 347 2425 1294
1815 1461 1443 345 1972 1433
3637 1869 2430 1824 433 804
3261 1389 2376 1141 121 746
996 1880 1804 1695 2561 314
3625 238 467 1445 338 1958
1922 1844 1667 599 2312 1782
1443 435 1836 1328 3872 791
2484 974 1481 1567 2955 1554
2223 711 3516 1687 1674 1982
2658 316 357 1225 8 1777
2526 1193 3245 1094 502 731
1919 1612 1297 1777 908 78
1306 617 1086 226 2191 172
181 1525 3240 500 3997 600
935 1778 70 1843 873 1549
1028 1579 597 1949 1832 1298
1364 1800 2047 784 2928 1100
3156 661 2961 610 3366 1368
3847 323 3921 949 3000 376
2989 1413 676 206 2307 790
1671 1196 483 738 3393 1043
383 378 2968 378 1524 1433
320 1777 1003 909 2411 1064
365 228 299 1973 1639 1996
2531 432 3777 1336 1478 1621
852 928 3662 630 104 1262
2652 1319 1831 1619 1096 1730
1274 1168 2478 916 3010 1924
3765 61 1943 1033 3130 1308
47 1924 3796 1696 2387 1549
3998 399 194 1774 3488 480
1830 476 492 1996 520 1338
3459 414 2218 1964 1239 74
503 1729 1122 1029 152 1486
245 1414 1358 1403 3051 897
813 195 3163 655 302 697
