2 100
1380 939 3477 949
2848 96 91 1732
3510 1671 3972 329
457 334 198 1632
3888 666 1806 733
984 965 538 1023
2721 1482 3430 1088
1286 525 2186 766
2716 1432 1513 1646
738 1325 2143 1611
1251 1832 53 1657
2728 1698 3404 1307
3815 169 1034 1344
3683 1533 2823 376
1247 1945 3104 1931
123 862 3232 324
1234 1946 2790 1457
252 1240 374 9
611 673 741 146
2576 1676 3083 1938
928 1700 3502 1067
53 857 1280 237
1807 1711 3326 1846
274 1420 217 38
2574 946 2503 1172
178 24 3527 41
2678 1825 739 1850
1795 962 3548 1999
3384 1498 48 154
3520 1079 1419 872
1256 61 1689 1223
1424 1728 3468 1404
3913 192 1628 253
3085 1528 382 872
2573 1969 3029 1242
463 1670 3646 1758
3875 598 285 1029
298 1513 1782 93
3479 821 1067 371
2542 236 2849 1214
3955 1743 920 1835
1323 280 1741 712
3447 1830 876 220
2936 337 2753 283
1621 1830 2609 1286
3373 1646 3941 258
1393 1368 3613 523
3874 1318 1754 559
938 955 2916 1724
3022 474 2445 1820
2482 1183 3825 1101
3854 923 2779 435
376 825 201 693
2519 135 2502 1274
2945 1622 765 833
953 268 3105 1823
2628 1479 1937 1400
2097 981 3364 1498
890 1846 3702 1624
2139 1806 2164 1874
2421 1007 3019 189
2290 1810 3098 1594
1115 1052 3239 1376
2588 302 3359 1693
327 265 2081 1011
241 341 1398 1100
1917 687 618 1953
2991 792 1878 59
2573 599 3803 886
19 674 397 1217
3911 1673 3035 152
872 1559 2502 146
2863 558 3230 380
929 1766 3479 1023
839 620 958 1670
3893 102 3423 1241
2178 1619 78 1066
3822 899 96 691
378 1048 3431 78
1178 100 2053 1461
2599 901 3048 1
3416 143 571 1711
2961 1605 3393 782
611 1384 2835 1472
3113 885 144 1185
2597 1830 923 108
2586 1286 989 1997
161 906 3061 1211
1429 134 2977 39
742 1025 1668 658
1625 1651 878 715
1187 706 678 1599
1787 1009 1086 868
22 987 640 110
3640 43 3551 1673
3756 882 106 1267
776 392 2243 1332
1724 1642 3796 1401
198 1810 2643 1320
3950 1558 48 267
