4 750
1357 1905 3140 1401 2229 1376 2417 517
2650 802 556 1056 1794 32 3503 1460
1774 107 3675 1522 3413 1419 1413 1456
1307 964 1182 1853 2311 115 3856 74
3806 746 3595 111 1682 728 837 257
2687 1353 962 1895 836 1114 3286 920
43 1957 2030 1186 1920 1256 846 260
3092 1668 3507 1851 141 1566 1880 91
185 1542 2642 1269 2659 1550 1643 1737
834 629 3438 901 1700 1451 3209 1207
40 462 3858 1472 2123 1578 300 592
1183 1391 2937 1568 1262 1317 2134 837
2048 1628 376 1018 2653 1512 66 1765
1097 643 839 1355 663 1395 1889 1080
1838 1732 706 1925 2630 303 3374 1864
234 1118 749 920 849 706 2182 1113
3314 1881 298 615 8 932 2087 655
737 1285 694 552 2837 1773 1535 1139
779 777 387 190 3555 1951 3540 720
2312 1949 2801 695 2898 1756 3465 755
2576 189 3133 1143 1451 1845 1122 635
3078 1541 1517 266 2722 1600 1898 263
2781 478 1538 224 2391 698 3487 1478
705 1812 844 520 187 873 1195 1225
3409 1917 2639 1239 2398 1440 1818 1642
323 1714 3123 217 1127 310 990 581
1660 1556 2489 1520 2258 1678 2279 198
3729 1188 3834 1827 2575 488 857 601
693 1383 3417 1808 2874 551 3550 1905
2361 640 2938 543 133 180 647 658
2433 1538 71 1323 2189 676 77 887
554 1825 3245 1828 761 1651 375 1501
913 317 731 1741 3086 1124 1571 1584
3586 1909 2312 1270 1043 45 3917 1626
2636 727 2426 1851 2213 204 3329 1660
1000 457 380 478 2599 1530 3690 1885
482 1337 2310 635 159 58 500 1163
3704 1082 2830 775 352 19 456 1519
3635 1174 3829 513 1115 1782 323 1538
1362 1526 3684 445 1682 953 2016 1504
2049 417 171 514 3358 1237 298 907
2552 1909 627 1261 1556 776 2110 478
3939 640 1490 1123 2480 719 1786 1524
219 898 61 81 2076 1359 3854 942
812 351 422 542 3892 1882 3710 1338
901 1552 2698 1221 1179 612 856 29
2513 1572 2372 127 1352 1605 1866 653
242 584 177 1390 980 1429 192 1778
826 1226 3084 748 251 829 985 626
3278 799 1213 910 610 1918 2971 1462
86 1065 3 1817 3195 1247 3953 1369
14 454 1782 995 619 1238 1808 667
1327 1893 3896 742 1697 1754 1480 1040
2773 1286 1829 812 1801 319 2944 1712
2469 1838 1286 550 3330 1848 3292 1652
3835 963 3017 108 3282 994 144 1485
1031 428 2132 1432 1052 532 256 1636
3853 1712 2000 1110 1497 1327 458 1048
1868 197 3317 1966 2882 1985 791 1399
1544 863 1729 1498 2949 133 361 1332
457 1607 2408 1747 63 879 591 1937
3174 1064 3292 152 2672 712 1708 1569
192 1004 193 1210 3972 1029 136 146
2318 1925 782 1462 3009 1902 2727 1321
2232 1374 2503 352 289 1917 1567 856
396 828 1697 1924 3413 1463 2938 1272
2365 1649 3821 147 3553 624 2771 1876
2499 658 3370 791 1461 161 3556 1614
1410 307 3162 367 2157 1803 3194 286
2990 214 3938 516 3483 1436 3402 1636
3646 1018 2741 1583 2541 607 1834 1481
3394 1028 2330 741 3114 792 1493 202
1779 90 3918 1088 3650 158 3867 296
1058 372 1794 1589 2849 35 292 1770
2933 1459 2929 485 2808 1734 3791 1021
3099 173 3453 1998 482 231 3357 1615
2178 978 896 705 188 127 978 355
138 1610 399 850 2645 122 2990 833
2082 1753 2614 195 1243 1772 1739 41
2302 1127 2800 653 2936 752 3219 1316
805 272 2630 20 425 673 292 434
22 1617 563 1513 3953 1937 3341 1993
3213 1085 1090 1652 2664 1756 2617 520
99 536 2009 1163 829 1594 2169 64
1533 1780 3876 1165 3289 1974 3460 1780
3564 676 3084 774 1392 1252 657 1321
29 6 1526 1612 2204 989 1059 1701
3808 1375 1612 328 3570 1004 1724 1560
2221 291 1423 1322 3610 30 3592 1660
3499 1885 3058 1276 3175 1206 1388 1362
3124 408 3782 1865 3124 75 3072 1921
781 671 347 252 122 1636 93 1709
1027 1041 3904 1444 935 954 1205 232
3249 378 2191 1579 1898 1350 318 1067
3297 491 3220 1454 3308 1304 1720 136
213 220 468 319 3458 765 2896 380
721 186 3611 1968 1780 698 806 1026
3736 1542 3114 1629 3378 470 80 1653
868 731 3515 1892 3393 273 1203 1648
960 303 3060 155 2936 996 3147 465
1380 939 2995 264 1589 343 896 1636
2848 96 202 233 263 1571 3700 1807
3510 1671 981 848 3050 1841 2762 1315
457 334 1346 408 2951 56 1117 303
3888 666 781 670 3742 1041 903 1903
984 965 1009 1001 1496 488 2536 1287
2721 1482 2927 1777 1150 1504 758 932
1286 525 2982 949 563 1752 1226 1237
2716 1432 555 1121 2281 723 3039 1520
738 1325 464 1302 1193 152 1751 11
1251 1832 3452 637 1267 723 434 337
2728 1698 571 1982 2118 1485 2029 491
3815 169 2656 128 1943 1724 2971 913
3683 1533 1623 1723 3078 1175 394 1575
1247 1945 2067 694 1499 64 3860 763
123 862 1725 927 1690 1416 3403 411
1234 1946 3600 459 3250 1259 3609 502
252 1240 1109 1196 2631 1991 3801 20
611 673 366 339 877 1402 2505 1050
2576 1676 778 1282 2761 954 3549 716
928 1700 386 1616 2008 1662 1712 1044
53 857 3918 1217 1060 27 1642 817
1807 1711 3332 1049 3028 943 104 1411
274 1420 2597 349 1023 1214 1137 411
2574 946 811 1295 3674 425 2194 1443
178 24 241 1069 644 305 411 443
2678 1825 2658 360 2560 1456 2764 591
1795 962 394 1944 1761 1358 3275 1516
3384 1498 3786 1862 1644 112 2463 781
3520 1079 264 36 1038 1639 1017 1045
1256 61 2050 1833 1647 1188 3748 438
1424 1728 3538 125 2419 1184 375 462
3913 192 1646 1817 3324 36 603 552
3085 1528 2993 624 3087 564 262 1939
2573 1969 547 25 1887 278 1862 1955
463 1670 3373 1902 3459 1894 2315 1650
3875 598 460 267 3964 531 2713 348
298 1513 3060 781 685 503 2325 786
3479 821 1828 456 2659 597 669 1584
2542 236 1021 962 59 580 3154 691
3955 1743 2347 388 3238 1526 2401 512
1323 280 3535 1112 1049 1204 3655 513
3447 1830 1529 581 3796 1688 1258 1032
2936 337 1203 385 2812 357 1778 1036
1621 1830 1787 1902 3517 383 3167 1082
3373 1646 2740 1101 1897 1269 1119 979
1393 1368 555 1753 531 759 578 962
3874 1318 47 363 2129 70 3523 996
938 955 3935 540 2012 885 1679 1656
3022 474 3062 329 1508 1084 3964 1687
2482 1183 387 199 2020 263 68 1360
3854 923 2901 920 1077 355 2945 1994
376 825 931 512 2963 71 1168 1549
2519 135 1766 692 843 368 3773 1989
2945 1622 401 980 3536 1245 265 170
953 268 149 1629 687 1884 2159 636
2628 1479 2214 1977 2584 1042 2928 790
2097 981 3805 1619 308 1036 838 1249
890 1846 1179 969 1627 1019 1070 1408
2139 1806 1017 333 2339 1369 883 1780
2421 1007 2834 1512 3277 117 3611 1958
2290 1810 634 294 3982 185 3438 29
1115 1052 1819 814 3778 1098 676 1414
2588 302 1393 859 3247 1142 2094 1993
327 265 1768 1578 3665 520 1352 159
241 341 3023 871 3594 670 870 1892
1917 687 3248 1906 2402 702 3143 476
2991 792 1632 1742 181 1545 521 896
2573 599 2223 990 2882 1326 551 856
19 674 3868 697 1105 383 1883 1218
3911 1673 1541 354 1835 1580 869 1340
872 1559 2374 1944 2710 1966 56 570
2863 558 1962 389 3558 1317 110 1505
929 1766 3007 1524 3415 1159 974 1087
839 620 3220 1945 838 1592 3283 1454
3893 102 2356 1568 1844 228 848 1758
2178 1619 1604 706 3066 1335 1352 1250
3822 899 2028 1736 726 1951 2867 345
378 1048 2581 121 2484 1106 1079 1379
1178 100 2221 1578 658 1305 164 1943
2599 901 2944 632 1094 1237 1771 1907
3416 143 1082 1561 2717 1733 1987 472
2961 1605 997 942 1067 286 12 1629
611 1384 2334 523 2442 1487 2579 75
3113 885 1264 1090 1665 897 1691 1260
2597 1830 1699 1294 2659 59 1621 1375
2586 1286 235 1059 3782 1737 3102 473
161 906 2592 248 3893 974 649 1607
1429 134 3642 699 426 1664 2924 328
742 1025 3599 514 1323 1934 117 1133
1625 1651 1766 678 325 1887 275 1404
1187 706 240 619 1988 706 2464 965
1787 1009 1272 246 994 714 597 1678
22 987 3503 301 1563 347 1564 64
3640 43 80 1533 2513 835 1223 233
3756 882 1677 1238 2421 1608 3691 943
776 392 3766 154 3698 1318 720 979
1724 1642 3946 459 283 715 506 642
198 1810 1994 1852 2530 983 2551 638
3950 1558 278 165 1400 1334 793 1691
0 62 3181 1849 1201 385 1824 455
3444 405 719 817 1810 987 262 140
1091 1343 397 944 478 1213 721 478
1274 323 489 939 938 438 1867 791
1488 851 3148 8 1211 618 3626 114
328 949 556 1606 1777 1896 936 1069
282 1681 176 1854 3093 279 3662 1713
238 586 1670 1753 2576 775 54 967
3669 735 2425 1347 2733 629 2582 1950
3098 655 2504 597 2540 193 1569 157
2790 1688 2430 240 2168 134 325 1512
2871 613 3740 1232 1012 1018 2625 1127
650 658 31 1836 164 517 2777 36
1864 493 2462 1984 925 63 1369 1716
3302 558 1609 1454 1206 896 1307 692
1927 298 531 720 3661 348 3406 1460
3497 574 1023 1155 2861 1612 3175 1326
3091 1952 3641 1867 3656 1778 1486 407
1970 1775 3455 1712 2521 871 3343 880
3309 40 732 322 3591 489 1762 1810
564 287 2322 1278 1027 1323 3585 1999
2003 43 2462 999 3654 1367 1890 1784
2371 19 467 737 3284 682 3969 1358
3097 1301 2408 1215 2087 1924 2261 1106
3081 1416 3804 189 1004 59 2566 745
2230 412 1702 1649 2863 859 109 651
2724 1185 608 1547 2277 1534 1201 1472
3821 1288 2775 77 627 481 282 509
3993 487 637 723 236 466 692 76
2704 591 2900 610 1606 146 3227 704
343 1544 1272 1351 3351 903 1739 1783
1981 1763 3228 1653 2462 1784 1467 1977
2039 1146 865 533 802 846 3501 1128
3812 1369 1996 308 1218 1394 3443 1066
1354 15 485 1576 3665 1840 3748 1813
2821 1977 1605 1430 3322 1694 2585 1734
3096 1499 242 1175 95 329 3252 1844
790 287 237 59 854 101 1635 1639
3654 1568 1378 1025 2729 353 2098 1534
2357 1729 3721 452 2091 329 354 1964
2757 575 2322 325 540 963 2937 1659
374 1257 2320 1430 1351 1528 1423 82
1120 1754 1887 146 3682 879 1144 1498
644 546 2133 252 3017 1331 548 933
2174 1921 3794 1121 1324 380 3128 902
697 314 1794 1745 2433 21 2083 1174
1072 354 1721 443 2732 128 822 1253
2307 996 2168 1908 2256 1923 3462 1513
1140 311 1063 624 3390 13 2406 485
2439 1479 1709 1698 292 1335 650 704
2985 160 2572 997 1899 1108 2883 1413
305 119 3195 1230 262 923 1289 993
426 1591 2094 1412 558 292 388 976
3223 763 2508 1103 277 362 1456 515
2448 873 1571 120 1386 914 1887 1239
2963 987 3150 67 2922 494 142 421
1365 1637 3493 289 995 916 2755 325
3268 282 1186 764 2075 1475 1340 1442
373 134 2005 135 3008 141 2428 556
241 387 2305 1741 1371 1023 1761 1049
2691 454 841 133 1870 1880 1182 666
2281 508 1678 472 3075 1165 3620 1640
1463 1674 1276 1276 1854 1569 3714 1272
1258 629 2299 603 686 417 2266 219
2625 1384 287 853 2484 488 3888 1814
3611 637 514 1126 1764 1664 343 866
1914 592 110 713 2732 1259 349 112
3066 1481 402 1723 1791 1276 3995 445
2207 1447 3376 1482 3094 1932 3566 808
1646 1084 3715 978 1923 40 262 1617
2383 1761 1020 709 1689 1373 1398 1338
2675 224 3047 692 952 704 114 65
1886 807 1141 1395 1441 1240 107 518
459 107 2942 5 3263 1697 1633 212
2194 1346 16 1896 1062 1970 221 1241
322 1843 2599 1558 1957 1923 3650 1992
3354 1362 1435 644 382 964 3501 1497
3708 554 2895 404 2041 6 732 683
2803 1468 3566 1675 1693 59 3767 173
1999 1327 1379 886 582 438 97 323
632 460 1519 1423 2734 652 3003 485
3786 729 3960 1214 3205 572 3672 1817
506 1973 2809 1746 392 474 2138 516
1225 108 2938 1940 253 801 1729 295
407 1733 1898 662 2651 1965 924 39
2217 1394 107 1064 1487 872 2960 1915
402 1337 1011 758 3836 1107 454 1583
66 619 2579 990 3653 681 2693 618
3617 1070 1405 1739 2568 454 95 1751
1308 884 43 1040 3046 1067 3144 1924
3602 694 2283 89 1659 1179 1728 854
1415 975 1134 1752 3778 1012 845 909
286 1701 1540 1319 3797 1294 2355 1499
3041 360 3604 1684 853 794 417 178
3691 987 1534 748 2869 1967 760 1838
510 1784 1982 1936 2610 1609 2184 1933
1612 415 53 1321 169 843 273 17
3228 1174 1408 114 3527 1787 1402 248
439 1246 3689 1398 3242 1229 1060 19
3710 1081 3328 1942 2346 893 718 951
585 1227 2919 1179 466 1222 2686 1048
3848 1166 1390 1170 3096 1040 317 614
1789 1252 373 1678 2070 1767 2216 442
1491 862 3545 798 781 1676 814 1086
3789 1739 225 1199 3736 1329 590 228
2030 1422 3259 1305 2855 419 3555 499
1732 1983 1279 1154 1029 1897 796 1989
3733 1246 1650 537 3600 426 928 1019
1912 974 3455 504 579 1688 2486 1963
3964 1982 2949 1062 1755 1756 2238 1065
2186 295 3351 1533 2871 909 1088 1592
3030 1015 907 70 1218 32 318 1365
1609 98 3985 1087 3693 316 3422 1515
2588 370 3992 235 2116 1142 3844 1072
2229 1466 2174 1894 3359 1238 1052 506
68 1632 1302 386 3073 1807 2546 141
2983 1023 1977 1042 3782 1902 1985 485
1525 955 151 1324 1178 469 2784 822
2628 134 3645 1229 2606 905 453 980
375 787 3236 639 3915 968 1708 1431
1640 1537 2503 853 3288 472 662 1290
2453 1367 2353 860 3741 374 169 120
2027 746 1222 1557 1292 423 149 859
2811 1625 2580 1787 550 1342 3606 297
991 75 3905 313 448 613 2973 14
724 1542 3867 353 787 178 869 1088
3371 1629 1416 1644 209 1114 2770 1287
310 602 3982 1850 552 285 2181 76
2811 97 2418 67 3969 1856 543 206
1228 1390 3733 869 2279 382 1289 908
2589 695 1527 1367 3266 1114 571 810
872 1966 420 800 487 1997 3381 88
40 107 1036 1781 2789 871 2954 1928
2512 1085 442 1227 9 1984 1737 1170
3520 759 3644 693 1464 1661 375 1213
807 863 3006 1072 3286 1751 3313 1084
3837 1283 2626 934 97 388 166 780
1146 1988 3867 1824 674 1634 3929 1201
3097 493 881 1280 296 396 1634 1972
2226 1065 1044 1700 1109 1180 3247 1157
891 744 3298 236 596 128 3587 260
341 185 1442 84 578 292 1360 1385
2775 997 3874 711 3622 966 172 1882
2782 1327 330 79 755 1148 767 1548
968 436 2024 1669 2387 901 2080 568
2817 659 2591 1530 831 1915 549 901
2209 0 3520 1350 3571 1665 2196 1339
1665 368 3710 1350 228 779 1622 118
2719 1640 2499 1161 265 973 498 954
3918 79 1407 489 291 517 739 1309
3186 1683 1970 1822 3911 446 3262 490
1841 477 1883 1415 2661 276 3094 271
1737 1113 3265 1871 2002 1046 1554 1557
982 221 1586 411 2598 1303 3979 1979
3804 132 3871 1115 299 332 3827 243
547 1741 2459 1572 2679 960 1893 234
857 846 74 114 2747 1517 3385 556
2955 11 3600 1818 1452 1840 661 1679
2901 405 3860 1316 3679 772 1611 1126
31 902 1258 778 1326 650 2025 828
2714 1456 506 1900 2218 151 275 813
261 191 2132 1884 2676 1830 3210 958
2734 1239 2302 962 1305 1207 1172 468
2547 838 3870 1531 1597 1770 3004 221
548 1190 2837 101 3611 977 2036 1183
2916 613 1753 1627 1445 1865 340 166
1913 1368 1288 1024 2134 635 1482 1040
1593 669 1456 1390 1416 1632 2189 1380
3255 571 3156 249 1532 398 1747 40
2900 158 2856 737 1617 703 3536 1980
2574 1476 872 1510 3280 621 3296 1523
1406 483 806 102 1597 1858 2811 278
2696 650 2731 948 1658 67 3383 495
769 1276 1826 26 156 1423 2052 633
3814 1770 3567 695 520 1629 2928 1846
706 698 639 373 2087 1395 15 1629
3249 902 3628 922 1002 1684 532 591
527 1158 1483 1501 2410 1893 3201 1445
1370 1180 3082 979 1642 249 1574 1492
682 37 2163 248 3382 656 2129 1580
1615 730 579 680 960 1524 897 310
738 1524 3749 62 3655 923 1770 938
1546 181 1323 1366 1824 1821 3665 1297
1242 138 1877 1126 3765 1223 3774 96
872 607 1093 808 87 583 1464 1796
1898 1048 586 827 280 998 3596 1508
1394 1245 1625 569 17 228 1579 945
1499 780 2626 1396 2925 192 3232 602
2780 833 1831 892 3579 1493 18 1307
2049 393 3174 84 2103 602 422 394
3144 912 2252 742 2003 839 3160 728
515 1741 2904 1698 2252 396 255 1680
2335 1929 1220 1056 803 1602 908 519
647 1885 1336 1859 2135 1188 1972 1632
2886 1495 2135 1833 3548 583 1551 126
2296 1280 412 1810 3643 429 1314 594
574 639 318 130 2879 745 249 187
2681 1803 1226 124 747 1716 2823 825
1495 396 2864 568 3959 239 3162 900
1030 1238 1860 1161 1113 28 509 68
640 342 2716 1543 2445 391 3527 90
3248 1511 566 1604 314 1307 3903 1537
1851 1316 2947 1483 245 639 431 883
3191 1646 2126 169 3914 467 447 919
1854 1637 60 899 2790 479 792 188
2310 1168 2433 1872 3197 420 2338 167
1727 1548 2041 1247 806 310 2922 1660
1551 193 1992 315 2058 1824 2533 1582
3213 342 3323 140 2509 373 3457 748
2169 192 3261 956 1171 780 2354 1244
3291 1656 2683 470 2709 6 2305 1707
3439 120 1627 1939 1528 1066 3047 338
2246 523 1226 1736 809 938 3704 1294
1949 545 2441 34 1864 1813 2433 1773
3682 288 3637 1547 3450 1358 912 791
1441 110 3783 941 3639 530 2052 68
1915 1956 2883 1764 2949 1834 3361 1911
3118 1179 1660 1648 3950 1488 2049 660
1184 1093 1573 258 521 1170 2188 1743
3361 10 3307 1070 1806 1002 1229 260
108 1856 135 1744 1911 1955 330 1036
2797 1295 3301 1701 3155 1678 1678 170
3847 256 3025 1667 1607 507 727 729
3649 1413 2154 1478 1299 1444 2153 1185
3381 1236 3136 1604 289 1561 2142 1328
1311 1236 88 1582 3382 106 2617 855
2358 672 1602 1153 3605 799 1997 1802
1082 1849 3668 409 2409 1763 3656 1605
950 1882 1190 1775 1849 844 1528 1420
3996 992 3989 405 3531 1434 2410 22
3148 735 450 562 657 1921 2832 35
2693 615 2101 1006 2422 390 1037 1597
2935 1963 837 399 399 1586 2347 1564
1253 342 2359 1386 3277 1108 2523 1039
1772 1759 3962 1481 2383 1306 1158 1995
1951 224 3387 1243 3198 1912 3493 296
2849 261 1189 1671 2977 876 2886 1021
2850 610 1343 335 1619 915 11 329
515 18 2740 1644 3575 639 1163 227
3189 1475 1169 1985 3980 1806 3539 198
343 1024 2515 1308 2682 886 3781 1599
2482 60 522 280 1324 930 3404 364
2265 1418 3803 457 3447 670 2759 74
288 157 66 1172 3912 401 1009 360
198 1447 76 1132 2007 1979 1845 962
571 899 2814 211 1899 1042 2245 1257
629 783 2052 1653 573 1124 1255 107
1601 1370 2205 125 1536 1719 2266 777
3565 1781 3215 792 3118 461 2981 157
1322 1919 3617 1955 2854 566 1169 869
2302 1783 979 1065 1668 168 1685 991
1137 1476 985 1985 1330 1760 2316 367
3458 58 3688 597 31 342 2122 1466
30 757 3216 1166 3646 1030 828 1620
1680 1467 2629 1535 2020 989 1768 407
3988 1671 2107 265 1682 516 3123 739
498 1452 1254 1485 2823 1686 2565 1160
632 1784 2422 451 2563 166 3012 1138
3731 1438 2806 933 390 854 1501 1613
2013 1188 3846 1538 3398 795 476 1235
2904 254 2508 114 317 1305 565 1860
3511 1612 1478 612 119 367 1122 1265
3109 1642 3542 1316 70 639 3203 337
3761 118 574 244 2836 1185 3973 1275
2735 482 968 1071 417 1444 2427 1645
3555 235 2203 24 2725 1173 3745 1173
3525 788 2802 1203 750 274 2686 1338
2656 1860 1531 1624 723 470 2920 447
380 1109 2412 218 2640 1418 3043 1680
2456 1788 1391 122 1867 194 1542 1755
1360 1390 1447 978 2831 1506 425 1736
3425 1196 854 779 3179 196 1126 1949
1306 1920 3462 1155 3284 1638 439 1121
3271 937 3463 1028 3262 517 1029 570
1537 1436 3445 1414 1572 1726 3444 560
2777 1989 2845 1852 2961 1868 333 651
1045 1991 3421 807 1938 127 3358 104
3219 887 360 1299 1258 345 3020 1853
1633 678 1331 1331 3620 1075 1547 1542
333 508 2497 1339 1430 1532 2708 1904
2437 795 1360 143 2435 1873 2895 518
744 1021 2695 1790 1778 850 74 499
251 1555 2919 370 2119 1798 3326 300
3809 378 1269 1520 340 317 838 483
1123 1932 2451 13 214 1287 2486 808
812 161 2151 1657 1907 1482 1623 464
1632 732 3263 893 2838 521 2558 1468
439 1152 2106 19 2863 456 148 895
3290 1487 1557 114 900 173 1808 1485
2473 1454 1129 478 514 1440 443 1989
527 1268 1866 1017 3858 624 1861 1010
2660 513 3712 1489 3043 526 2414 1432
3658 1006 63 1081 1955 1417 1428 1531
659 885 1647 494 231 863 453 675
3312 1413 1144 759 105 1946 3789 1529
40 95 2080 1417 2289 1691 3692 1945
3724 1106 3966 1697 1029 851 2013 605
2244 1415 1485 984 2745 1659 1639 172
1355 20 2133 1320 1040 1638 1177 1103
1459 936 3256 62 2605 1497 1945 703
3565 591 2921 334 3066 259 3436 715
1396 718 2967 24 347 1381 3704 1663
1284 1766 3484 1000 816 1292 3312 431
2908 1394 2522 1883 3613 1326 2461 205
1878 102 3099 915 2076 405 3786 1746
1331 1517 1527 819 665 1361 832 956
3732 211 324 1748 3915 554 1433 78
275 1312 479 1044 83 708 2486 1420
85 156 1998 1854 2043 1098 2182 1160
1048 1260 2472 683 2653 1494 2497 1842
2798 757 192 16 2639 1394 1418 342
2489 544 401 141 1520 1629 3714 1235
3606 582 3705 1565 2988 893 3277 592
1610 1542 3926 1908 3918 289 2865 1964
3768 1961 3804 104 2238 1389 1231 316
499 1955 2402 246 1118 1747 2772 1605
75 1868 2883 531 3303 413 2164 229
1910 655 948 1746 1220 795 1399 714
136 24 3744 1613 1074 1705 1275 382
984 1866 3852 207 3981 847 3729 1571
893 1045 2170 797 3760 478 3007 1406
1537 753 492 1817 3977 1114 1899 1830
1288 1998 2492 502 303 844 583 1507
2348 28 1968 1105 835 1763 3310 442
1036 1201 829 1595 3505 619 3239 1341
3892 1649 1621 627 1167 1102 1528 1012
2427 605 1694 276 2570 1422 24 1615
2955 229 1646 1853 3218 1855 3293 1218
1104 616 2647 1089 1651 413 1277 939
3557 1227 963 1232 2504 1062 586 1660
752 686 2688 1287 3524 1519 698 1277
1633 1527 552 1901 1981 69 839 246
3630 1526 3080 246 305 440 3429 356
1909 493 3427 4 2295 1090 771 1256
1893 1280 2275 177 2370 1053 3156 1244
2403 103 3450 1086 2612 1118 1360 1134
3635 509 3654 830 189 72 1712 126
2991 1237 2158 544 610 1140 2492 567
588 1319 3743 1428 3885 545 2759 657
3482 1741 1797 589 2073 476 2897 328
1429 493 1614 1529 3158 1987 3731 1790
1627 328 3755 700 968 1710 1887 1334
3610 951 3143 1053 586 803 3715 110
2519 937 2573 1028 2624 658 994 568
1669 399 2822 192 808 680 1987 245
3791 631 2728 726 1037 1811 813 336
2950 496 2809 399 3630 1389 1384 361
2089 626 2369 1672 725 1093 2757 450
2664 398 1903 209 3842 1528 634 1912
3220 551 1206 554 3118 1607 2562 857
3246 1012 132 82 799 1621 3473 1601
3437 536 2721 782 3349 903 2261 1554
3925 801 1646 1003 3494 1505 2923 150
2286 202 1905 202 2525 1585 3924 1097
3462 500 3587 49 3426 950 279 176
465 175 2699 1076 2611 754 2020 448
3977 567 3652 650 1206 1186 1808 722
1112 196 2333 1298 3997 161 494 1060
820 1726 1 1755 3752 938 941 1000
1982 430 742 317 902 494 1233 1863
407 1442 2232 626 444 1962 2651 1288
2936 1066 2255 1731 750 850 87 1224
974 1670 1081 479 1856 1236 1563 210
2188 1801 1741 1028 2922 1809 2826 824
172 1723 1557 682 1731 692 2329 827
3733 1305 400 1432 3225 201 341 1334
2447 602 1185 1752 1249 149 2599 1153
3421 1255 1380 1335 3741 1196 1943 260
152 1638 53 1833 778 1064 3171 1392
2079 36 425 1274 3688 984 2663 561
3306 777 2345 1918 14 1262 500 1598
3150 1706 3718 927 914 1543 2645 1112
1959 365 2053 1485 160 541 3241 1426
1268 306 2126 1099 394 1386 505 677
2091 766 2544 817 1383 1374 2305 908
1212 124 25 151 458 1983 1650 1219
985 666 692 678 933 1162 138 1005
3681 999 1895 871 3873 967 3350 1839
1001 1399 3234 596 2794 802 3867 341
3311 259 870 222 1082 1847 495 365
1711 1145 60 1458 3113 1908 742 693
1402 1386 2436 957 552 630 407 860
3313 1340 114 637 3227 1320 2164 735
755 4 1458 566 3114 1786 539 1452
3263 141 596 373 870 1162 1434 1261
3087 286 3725 1521 2426 676 2509 1663
1075 292 1152 621 2138 1710 2140 621
2449 1369 210 1285 841 971 2395 626
3212 1237 3740 94 885 758 3922 1639
1078 1867 3216 1060 542 1716 1015 453
1022 1815 3858 1709 621 1565 2965 1137
3139 1091 2607 743 2861 1120 3903 1435
3632 394 3827 1163 3122 367 3754 1232
2773 54 1309 50 1448 1266 2 720
767 1775 3807 1852 2635 988 2151 965
3904 1862 2268 287 2693 747 2310 1045
3404 717 3241 1860 943 895 2316 1603
2241 1581 55 1728 3683 762 3677 227
3223 424 2413 1223 2708 314 2533 1777
897 184 3294 80 135 1327 2299 1312
770 839 2808 203 580 1630 2898 1605
91 1654 3121 1990 2349 570 3904 129
1288 93 1955 1776 1057 157 676 333
2338 853 3845 72 627 1909 2439 1846
2140 936 3450 66 3132 984 204 1232
3590 245 1000 423 2484 1225 524 1472
771 521 3844 931 879 644 3755 776
1754 61 985 87 2106 1974 979 780
1142 358 3077 1429 3215 120 1868 1388
3025 1011 1471 453 3764 1940 1450 1664
1573 1800 2153 1380 14 1330 3321 768
3474 1127 761 1036 2118 396 3326 1910
3933 896 742 744 557 1119 1904 552
327 835 1307 625 1873 1772 1223 1159
1117 954 389 1025 2320 613 1437 1970
372 853 1543 1260 2895 1679 3210 1157
747 1666 34 1436 35 215 386 482
1935 1997 3245 1006 2995 565 2460 1870
28 132 3512 1031 1965 956 1044 800
3856 506 2606 1995 3918 1600 3678 185
3706 1623 3730 522 723 1665 3278 18
3911 963 2187 708 1909 415 840 1732
2060 440 1213 13 3778 1402 3681 186
2110 1420 1971 1957 2764 1753 2140 1980
2869 1695 3693 1354 2375 1379 3989 324
1312 1806 667 546 3874 970 588 574
282 1381 2439 344 1945 1073 2722 988
2591 1230 3488 1065 3355 653 2151 1947
543 546 2017 496 247 642 172 715
1802 249 1559 811 2295 1531 1692 90
1498 1939 1159 590 1892 1931 1047 1589
2765 725 1171 1273 103 1768 3905 181
3829 1963 3431 718 1606 37 3062 597
3524 330 2040 175 1501 1977 3536 889
937 1271 1395 64 2209 1576 2090 853
1104 1329 786 538 2179 1980 3006 1481
3437 1866 2942 113 496 1444 1273 1706
1214 1699 798 1718 280 1018 2517 1867
3175 1033 1492 1517 3010 1063 2123 1016
326 1209 2686 1911 2656 1210 2678 1059
2731 950 739 1348 3336 999 1075 134
570 1533 2498 77 24 815 1898 684
1319 1331 1641 1938 2743 429 557 406
2887 1 1898 1751 3251 410 2129 1814
1042 938 334 1035 1252 1098 1676 1574
867 1079 3487 1728 3347 968 1781 1545
2433 295 2655 1494 723 101 1723 326
2723 168 1456 1065 1072 1174 3486 1145
3216 475 1970 1223 3118 811 563 1531
1826 824 2759 388 3196 1031 2125 96
3224 1275 3989 588 1631 1108 96 745
1246 982 2992 1969 99 66 3042 17
3422 638 3260 1023 192 1639 1282 23
2733 288 2166 1536 1030 1168 1843 1640
3963 1669 1017 1037 199 1553 3994 1601
3579 1126 2565 1286 3883 1109 978 1362
3208 71 3091 353 3904 524 2025 1828
1799 439 3874 75 929 1517 2463 1238
672 1370 1551 1389 728 1247 3511 1788
3056 1927 3755 1253 2063 709 199 772
3802 1747 773 1808 1171 1951 3190 508
3788 737 1081 1102 121 1848 2924 805
3550 842 1621 349 3136 1499 1275 320
1958 1210 3991 1364 2901 1304 3079 1523
668 1357 2433 658 1406 1290 149 198
3873 806 1973 1812 2514 492 3079 1371
1656 817 491 343 3567 1450 997 1456
507 1780 2144 1337 2380 1583 724 1553
314 1319 2668 967 3905 553 1160 1893
3763 721 2936 528 3470 1234 825 1687
1832 1621 2938 1198 924 1155 40 415
2113 526 3357 1200 2837 1731 3868 1977
3342 416 1439 1840 1457 915 1332 503
62 1929 3019 851 1581 73 913 1066
1891 123 772 1954 2930 74 2901 1948
2857 152 1135 508 1537 1300 1918 865
1755 1058 225 1796 993 1649 3360 1261
892 794 3643 937 755 769 3622 1496
2040 308 1613 793 2225 828 2542 580
1241 1533 679 681 976 265 1228 1171
2510 168 1416 1261 345 1003 3100 333
2757 758 1560 1900 2048 1707 3013 950
2565 1476 909 1103 2262 1278 2861 1822
177 695 3474 472 2345 566 1374 116
1327 1694 2965 1190 2392 1204 3584 1673
3663 1145 3068 1340 1727 389 2008 572
3756 71 1217 1656 3025 1507 1617 433
1230 419 1120 555 992 829 787 1968
2738 746 284 1814 1529 1509 970 920
482 566 3471 1996 607 1363 1544 1515
89 1122 2719 922 905 1886 585 1001
3108 476 2425 1238 3060 592 314 848
2396 1358 3395 1511 493 1815 3723 1187
2569 973 3788 1520 2233 1672 893 87
657 1325 999 1499 3041 82 1594 27
409 475 1736 1306 2155 1858 1616 1872
3628 1873 1326 1802 3013 1457 788 1215
1635 321 714 1383 1404 621 769 1672
3846 1738 66 672 3155 404 731 1873
2606 1353 525 1985 1968 1719 841 367
238 1956 1762 470 1914 275 708 108
1856 1863 1833 900 2890 414 3209 454
2269 104 630 1098 2446 1552 1942 200
1298 1472 2228 30 881 1749 2374 818
1564 1231 1940 809 1977 343 14 551
2246 66 2079 383 2735 1111 2814 366
1941 806 3620 1614 370 493 252 1907
1693 1353 328 1944 2061 760 1430 954
3785 1543 2800 996 2676 1199 3441 1851
3273 1157 1443 1420 2932 1803 2313 984
3715 435 960 169 2391 1901 3134 1976
2359 1032 3692 1311 3591 1020 3038 1987
3470 844 2384 1581 1122 3 3399 237
1724 289 3940 275 1573 257 3644 961
2954 993 1596 886 1492 1402 2773 1070
3208 40 3157 1267 1344 1988 1662 1880
1385 702 482 1115 2285 1539 2759 163
1825 1335 1814 415 3480 1403 3974 1143
3467 714 764 1242 382 1486 3057 1386
1746 7 3366 90 2023 493 2041 1223
550 1445 2533 1892 352 171 1891 1951
2605 1303 1003 166 3184 579 513 312
1686 519 515 1380 906 1120 2194 1708
1557 1896 3855 1909 3304 1332 1990 1772
2542 915 2770 1823 2617 1321 2156 194
1518 1384 3848 1486 2584 143 1052 1338
1094 83 1491 1538 3955 1809 2636 1023
1052 1854 1386 549 2831 1554 2191 1649
2047 859 2622 429 2379 1765 1720 1451
2306 615 1056 1870 2535 1835 3501 337
910 1539 1946 1612 963 471 3846 466
2459 1694 1536 494 2850 365 218 597
3671 939 362 964 809 21 492 278
3116 177 906 1376 1362 247 378 1729
3012 800 19 839 2150 497 1815 1518
1065 5 3531 978 2020 526 3237 875
988 370 2 660 3119 1159 1493 1572
870 308 3718 780 3031 1191 3393 332
1123 511 3259 1603 2463 1146 274 242
2705 1874 2333 1197 592 932 3307 842
1849 1181 3446 1100 540 445 2319 1821
3882 1847 1555 848 1849 859 385 1727
235 621 1398 1371 2667 1003 1443 1270
1511 1248 3974 655 3174 1917 2616 1799
3934 1102 1886 711 1440 765 400 1310
723 408 3192 744 1364 1241 2337 1878
2294 579 2374 749 3812 616 478 1489
1898 1914 2146 619 1555 1733 3702 187
560 76 2449 1389 2551 848 2373 479
1338 1162 320 1555 2273 1933 3473 194
