2 100
1380 939 2995 264
2848 96 202 233
3510 1671 981 848
457 334 1346 408
3888 666 781 670
984 965 1009 1001
2721 1482 2927 1777
1286 525 2982 949
2716 1432 555 1121
738 1325 464 1302
1251 1832 3452 637
2728 1698 571 1982
3815 169 2656 128
3683 1533 1623 1723
1247 1945 2067 694
123 862 1725 927
1234 1946 3600 459
252 1240 1109 1196
611 673 366 339
2576 1676 778 1282
928 1700 386 1616
53 857 3918 1217
1807 1711 3332 1049
274 1420 2597 349
2574 946 811 1295
178 24 241 1069
2678 1825 2658 360
1795 962 394 1944
3384 1498 3786 1862
3520 1079 264 36
1256 61 2050 1833
1424 1728 3538 125
3913 192 1646 1817
3085 1528 2993 624
2573 1969 547 25
463 1670 3373 1902
3875 598 460 267
298 1513 3060 781
3479 821 1828 456
2542 236 1021 962
3955 1743 2347 388
1323 280 3535 1112
3447 1830 1529 581
2936 337 1203 385
1621 1830 1787 1902
3373 1646 2740 1101
1393 1368 555 1753
3874 1318 47 363
938 955 3935 540
3022 474 3062 329
2482 1183 387 199
3854 923 2901 920
376 825 931 512
2519 135 1766 692
2945 1622 401 980
953 268 149 1629
2628 1479 2214 1977
2097 981 3805 1619
890 1846 1179 969
2139 1806 1017 333
2421 1007 2834 1512
2290 1810 634 294
1115 1052 1819 814
2588 302 1393 859
327 265 1768 1578
241 341 3023 871
1917 687 3248 1906
2991 792 1632 1742
2573 599 2223 990
19 674 3868 697
3911 1673 1541 354
872 1559 2374 1944
2863 558 1962 389
929 1766 3007 1524
839 620 3220 1945
3893 102 2356 1568
2178 1619 1604 706
3822 899 2028 1736
378 1048 2581 121
1178 100 2221 1578
2599 901 2944 632
3416 143 1082 1561
2961 1605 997 942
611 1384 2334 523
3113 885 1264 1090
2597 1830 1699 1294
2586 1286 235 1059
161 906 2592 248
1429 134 3642 699
742 1025 3599 514
1625 1651 1766 678
1187 706 240 619
1787 1009 1272 246
22 987 3503 301
3640 43 80 1533
3756 882 1677 1238
776 392 3766 154
1724 1642 3946 459
198 1810 1994 1852
3950 1558 278 165
