2 100
1380 939 1357 1905
2848 96 2650 802
3510 1671 1774 107
457 334 1307 964
3888 666 3806 746
984 965 2687 1353
2721 1482 43 1957
1286 525 3092 1668
2716 1432 185 1542
738 1325 834 629
1251 1832 40 462
2728 1698 1183 1391
3815 169 2048 1628
3683 1533 1097 643
1247 1945 1838 1732
123 862 234 1118
1234 1946 3314 1881
252 1240 737 1285
611 673 779 777
2576 1676 2312 1949
928 1700 2576 189
53 857 3078 1541
1807 1711 2781 478
274 1420 705 1812
2574 946 3409 1917
178 24 323 1714
2678 1825 1660 1556
1795 962 3729 1188
3384 1498 693 1383
3520 1079 2361 640
1256 61 2433 1538
1424 1728 554 1825
3913 192 913 317
3085 1528 3586 1909
2573 1969 2636 727
463 1670 1000 457
3875 598 482 1337
298 1513 3704 1082
3479 821 3635 1174
2542 236 1362 1526
3955 1743 2049 417
1323 280 2552 1909
3447 1830 3939 640
2936 337 219 898
1621 1830 812 351
3373 1646 901 1552
1393 1368 2513 1572
3874 1318 242 584
938 955 826 1226
3022 474 3278 799
2482 1183 86 1065
3854 923 14 454
376 825 1327 1893
2519 135 2773 1286
2945 1622 2469 1838
953 268 3835 963
2628 1479 1031 428
2097 981 3853 1712
890 1846 1868 197
2139 1806 1544 863
2421 1007 457 1607
2290 1810 3174 1064
1115 1052 192 1004
2588 302 2318 1925
327 265 2232 1374
241 341 396 828
1917 687 2365 1649
2991 792 2499 658
2573 599 1410 307
19 674 2990 214
3911 1673 3646 1018
872 1559 3394 1028
2863 558 1779 90
929 1766 1058 372
839 620 2933 1459
3893 102 3099 173
2178 1619 2178 978
3822 899 138 1610
378 1048 2082 1753
1178 100 2302 1127
2599 901 805 272
3416 143 22 1617
2961 1605 3213 1085
611 1384 99 536
3113 885 1533 1780
2597 1830 3564 676
2586 1286 29 6
161 906 3808 1375
1429 134 2221 291
742 1025 3499 1885
1625 1651 3124 408
1187 706 781 671
1787 1009 1027 1041
22 987 3249 378
3640 43 3297 491
3756 882 213 220
776 392 721 186
1724 1642 3736 1542
198 1810 868 731
3950 1558 960 303
