2 2000
3737 1886 1104 1700
638 758 800 970
1190 848 1901 1478
1115 1986 3123 1631
642 1365 1834 1415
2856 1722 576 127
905 281 3627 1985
440 551 1751 113
3884 1439 930 1806
59 627 3408 254
2415 1608 507 1438
1076 562 203 1160
2412 49 2347 127
297 552 716 1017
1755 1374 499 822
2315 658 2025 1917
1200 116 2513 1299
1550 924 1048 151
2457 114 3984 849
2130 1608 1851 263
1841 374 1665 825
2129 998 1878 3
2013 1162 1079 79
1230 1077 629 1602
3430 207 1875 1688
3628 1827 2650 1638
2418 518 1913 1186
1692 1416 3194 1303
2063 715 2322 187
36 1213 2593 1669
2463 871 260 1088
3981 608 3877 1
1070 1731 3481 847
2604 1963 629 1616
2403 831 3009 1597
715 1050 3723 1407
1596 75 2223 1456
1876 364 960 1790
3214 1271 1330 37
3879 858 1535 1167
263 1120 1959 1388
2430 962 2177 1230
1925 358 2232 1171
1474 1204 254 831
776 1681 1352 644
624 1653 508 1033
2700 1607 1503 890
3711 417 3349 1087
520 1015 977 39
36 108 2030 1971
1373 1593 2246 1998
3346 1542 3335 848
3806 1147 3492 1080
1981 1156 1731 1273
2663 1540 2601 662
1097 302 3020 1484
2201 732 2528 1270
986 776 116 529
788 1638 3449 1958
636 1674 2772 1813
1984 1477 2466 1151
3390 418 1005 1204
254 1486 1553 1889
1053 665 1427 1718
2537 1940 826 660
3896 1878 1888 1607
3721 80 816 350
1408 126 2507 128
2847 1996 2442 1755
724 1317 1510 1056
803 84 3352 54
3700 1343 2519 126
2681 435 1734 144
3989 246 389 914
365 1920 1200 439
2906 291 2376 1974
1901 765 3153 482
33 555 986 1887
3815 1757 1413 1807
1435 101 2878 1763
2320 688 2610 71
730 1556 3766 920
3428 1689 1579 19
923 122 1309 1210
2938 1628 1429 29
956 299 2667 173
1416 86 3969 911
1699 1881 962 1305
1968 1143 3193 542
1655 923 405 842
3178 1594 1982 183
3013 1055 3645 102
600 990 2346 1606
214 1102 117 605
2205 1827 2610 956
190 1768 3087 1592
1621 979 137 1153
1367 1373 3678 1527
1825 1581 2801 1742
3842 806 3925 1704
2816 568 683 216
1239 1101 1732 1541
2361 1523 2954 1649
3690 868 3652 158
1157 541 3796 283
2305 496 1070 293
3869 1569 1974 377
3696 1356 3955 533
2788 1043 2605 1957
1017 844 1921 1098
438 1756 3164 1547
3390 109 770 1975
2504 897 1254 1241
3975 1491 130 1152
2306 1197 415 982
1983 1030 3384 1996
3268 1268 2264 1093
3148 1669 3209 325
652 1502 1414 1467
836 1398 1908 1135
3275 220 2902 235
3751 565 418 885
841 1803 3404 1822
3532 292 2020 1235
2193 373 3001 903
1940 325 162 252
1785 710 3500 431
2041 516 1884 1429
168 414 274 882
3858 1864 833 1299
1783 349 2282 1572
2277 143 1359 671
345 88 3044 1042
3330 813 2998 1494
337 984 2274 1342
580 803 2073 1623
3957 226 2955 1919
22 376 3955 591
1367 233 552 599
211 46 2877 505
162 1401 1600 1430
776 1412 2554 665
1881 1510 1331 318
1218 880 3150 1453
3487 534 394 391
3450 193 2949 171
534 1308 3858 40
2422 990 2410 341
2636 990 660 1721
1880 1358 740 1888
1644 446 512 1453
2588 819 2358 291
3495 659 2159 1914
3022 1391 975 1774
3966 1501 3672 93
672 409 3863 1510
165 321 3921 1522
2554 829 2410 1470
855 1298 243 1757
2065 1520 3207 28
738 529 1315 1099
1607 1770 1837 270
2010 95 2167 1395
18 957 1127 1009
292 509 812 1962
778 1144 2055 1426
577 1401 2582 1285
3232 298 3451 1652
3954 1798 738 42
571 1637 85 1802
789 1833 1413 90
161 282 584 991
2512 1985 3918 845
339 1370 264 400
1306 913 1555 982
1987 348 3134 990
1144 1434 2569 1362
64 1103 3496 1244
1214 1829 929 801
759 724 1430 57
761 1786 1384 1661
2236 100 91 730
2410 1138 583 246
2920 1244 647 82
3792 1057 294 700
3732 737 1834 1323
582 1364 2651 1590
3035 1796 2954 243
3130 1816 2878 1500
1741 304 3016 650
2604 2000 3580 1050
3658 1197 3497 1367
3204 340 3783 344
744 133 3793 276
813 1278 2844 925
2103 1892 2758 96
423 1696 1958 924
347 784 3637 1826
1200 47 1229 1703
3817 1989 3212 74
742 250 3884 25
969 38 1440 1031
3768 707 2692 815
3198 1581 874 1784
2542 1069 1963 229
2843 1627 2882 1277
2525 1883 1978 9
1337 199 1792 601
2647 1106 2547 1817
1454 1254 3102 203
3709 1040 312 1348
3594 1137 692 51
2892 1167 3519 487
904 270 3299 1825
1421 1126 1204 1258
1584 1070 3597 1503
3897 1594 3902 773
2397 617 2260 1819
2366 591 212 1811
2633 211 629 1912
2222 550 2629 1571
1856 1293 1448 1760
1134 62 2496 668
1198 1806 1991 338
3305 714 1768 1488
1474 192 3461 1718
2798 1306 625 848
1571 598 3912 825
679 589 79 1521
215 1604 3028 821
1894 634 2372 578
1753 1149 2463 1181
1183 1953 2151 930
2532 360 1302 668
3750 1491 3111 255
3661 894 243 53
3576 141 2802 1184
2498 1608 2201 1434
1601 170 1281 1639
1502 1109 1628 806
1202 355 1455 640
1493 1232 3857 143
3947 1371 3718 931
2818 1830 2260 1400
2265 1778 359 761
688 482 3520 637
3486 863 694 1195
3491 1532 59 1378
1211 1632 3789 245
3396 447 2595 1763
652 87 3280 169
3988 1446 2376 1565
1289 723 2925 1055
1497 1872 1451 973
3626 1090 3829 736
3884 1115 1191 1410
830 1729 163 180
3415 495 3121 330
3756 300 3307 550
3248 887 2226 193
971 285 2017 72
3951 66 1831 884
801 90 2436 131
35 1772 2802 1988
1141 156 3832 1420
3310 1655 2547 1456
1130 736 15 1623
3170 470 2355 94
3022 1747 777 595
237 1407 608 1372
3509 1481 3135 1637
1721 646 27 1212
3653 1686 433 1063
3383 760 3995 817
2729 322 803 1339
121 1101 3033 458
3161 357 1727 1417
3428 498 319 643
2437 1251 1888 1337
282 1539 3298 1754
3541 681 1995 90
1920 0 594 93
30 1367 1235 1214
1359 1590 2034 1273
1225 1989 1821 614
2422 833 739 1915
1961 908 3440 34
3913 1066 1876 201
46 1238 111 1657
2266 1614 306 1349
1346 1860 2299 1457
3156 1740 828 1975
2875 232 2100 767
3658 379 2738 1786
2538 1175 2796 1073
3030 838 3896 55
3507 1005 2815 859
3041 222 2534 1114
997 616 1619 1629
969 711 2493 1754
1416 128 3620 916
1827 810 104 1937
3369 757 131 1663
1343 1076 1394 1523
1661 988 1155 1985
2799 1323 786 914
1558 1765 3409 276
1498 917 1300 1466
1003 261 836 1489
2112 933 886 834
2712 1883 3653 1361
1011 1232 3853 1428
3941 1606 2185 210
2274 153 2862 65
2857 1130 1921 893
1732 2 1246 795
3959 599 2547 1483
2920 1525 1979 953
2505 1798 2333 361
1550 718 1610 481
1905 331 480 1353
3857 963 1879 1736
3567 867 3449 754
350 1690 252 1930
2244 934 326 1055
822 335 3997 408
568 574 2797 1206
206 1644 3029 643
1922 590 1219 1798
1735 1304 2353 1566
2554 251 52 720
188 1739 574 314
3371 219 3448 422
1476 66 3758 129
1097 438 3101 333
2926 194 3797 1309
229 1078 3138 1598
1699 1762 2021 452
1656 377 1252 667
3527 907 582 838
2728 1946 1600 197
461 1681 1486 557
1484 604 1696 148
2866 1585 1880 216
2683 1165 2094 829
3982 1307 487 807
156 36 283 1507
1897 1934 2967 768
3565 956 3005 343
3893 1996 1453 1386
3105 1394 3368 716
206 1618 420 789
1721 1246 1793 652
649 1700 983 401
3314 272 1470 1921
1324 1330 893 942
2494 966 2066 53
173 1669 259 490
252 1616 1849 991
146 1138 2217 147
2636 575 1097 310
1317 970 1038 466
2299 92 321 934
2409 982 2387 794
370 1121 1581 1240
1597 1154 3259 831
2213 1289 1237 862
2843 1785 3055 1502
1773 1157 1801 1239
127 275 2468 1413
3653 159 3946 1134
2916 391 3536 651
3237 1005 854 1081
1942 1782 119 1482
1722 284 3267 546
407 683 1249 978
933 342 2129 841
1822 1457 3545 1001
38 1721 2258 546
2552 1141 360 237
2898 80 3946 1856
16 1603 3414 1502
827 103 3066 725
2446 1262 2285 1934
3293 760 3725 166
2630 770 1547 1251
2746 1429 2867 1427
2236 339 1585 545
3999 1042 712 921
2114 313 2837 1138
1967 1223 1281 62
2478 671 2352 1542
3901 1280 3302 1280
126 363 439 148
380 1958 1645 634
3764 1432 831 1839
428 567 1148 1931
2176 1610 2150 1248
1192 759 2161 1916
1757 129 3670 955
255 1980 2581 530
2193 382 2347 790
836 1236 2563 534
877 356 3001 1816
296 233 598 1613
1330 1189 3724 93
1057 943 2447 222
3228 1667 121 1498
2974 202 173 1976
3966 1992 2402 931
115 727 363 1638
2672 445 524 1995
265 864 2405 1411
2478 1353 2641 1140
333 1374 587 599
728 717 3953 9
3534 1616 1617 425
3468 140 3528 594
3161 368 2063 506
3787 137 151 433
2190 769 3657 1326
1656 327 200 321
3650 77 2829 341
3355 265 1295 978
2321 245 982 191
911 726 3576 1239
1868 1508 268 1602
1628 1773 12 1145
824 453 1427 179
2784 935 1244 1881
358 1260 1329 194
3128 914 612 1055
1881 1987 1389 1314
3536 1174 3924 1719
3070 525 828 682
2613 295 1850 142
3272 843 2282 1985
433 1223 331 341
1234 177 2373 1926
3557 1806 2474 1510
1438 884 3100 142
935 1969 1718 1236
1507 1623 561 1161
3898 1807 2707 1439
3586 1869 933 326
2058 660 2399 138
140 237 484 1245
3860 190 1042 109
1032 719 1703 127
3998 1147 3224 1032
3861 803 3235 815
1415 1167 2371 852
2180 1298 1505 1274
1024 834 2471 883
2058 1223 3294 1103
3923 505 3551 1986
1539 540 140 1482
1012 1566 3354 1771
2840 794 3534 1896
2559 1803 2842 1087
972 265 288 1701
3079 205 1113 1564
1742 469 955 1221
3884 1924 1240 790
3614 1577 3401 895
116 1953 903 308
1117 568 3355 318
3870 215 1067 869
1532 1572 257 132
1892 267 582 1260
3748 452 3501 1075
1683 48 2447 1725
830 1135 2821 611
2380 1296 1555 1371
37 286 1087 1281
3340 506 3955 657
3602 268 2658 1138
3091 1229 3692 1647
700 175 2664 436
1233 193 347 486
571 1612 1998 1625
769 285 3104 859
1597 1070 2471 702
1483 311 2974 862
3122 13 2534 358
1922 504 1479 1551
3668 1620 2069 669
1205 1710 350 1544
577 1213 3236 1774
205 712 2207 1312
2651 854 345 394
3411 321 207 402
2999 985 1959 322
542 1735 3921 561
3260 1981 3567 1767
1414 1377 1884 785
539 936 2246 1116
970 1191 2315 841
1375 1793 3779 1232
3450 1360 1370 1413
350 1704 3354 864
1298 962 249 1424
2017 478 2821 730
2061 35 3217 547
3200 1017 3916 1064
2019 943 695 1775
866 447 2251 587
3510 1170 3737 1790
1477 1208 3273 1760
3907 1288 2029 105
1790 1207 36 1465
949 748 3172 1404
3005 564 3093 1300
465 783 3839 764
1953 855 2754 1001
2558 377 1963 1579
1421 112 2377 694
844 612 1257 1765
3964 18 3628 1346
2939 1824 2066 488
1861 1831 1400 523
2124 1413 3382 713
3966 644 3362 1228
1538 1721 1541 1068
3096 681 2488 1469
3619 758 3376 164
2973 1994 3396 266
1297 908 3001 497
188 328 1561 1946
766 1109 3052 662
2345 550 251 486
2617 994 3890 1964
1754 1552 3907 282
446 1548 2274 484
3587 745 562 205
2540 1260 3200 1967
719 1220 317 1465
548 1951 1050 500
3710 1291 355 1576
396 1954 1900 216
2761 478 847 571
2521 1585 1785 1256
612 753 1335 2000
1293 936 3799 897
3989 76 2276 570
3961 909 3238 853
3478 935 192 296
1863 1084 944 666
346 18 3348 1305
3112 64 509 807
1283 1134 3908 1082
262 1010 716 1715
3385 586 421 1022
1602 1558 292 394
1575 1800 2875 817
2023 1921 2084 333
1746 578 1385 933
1841 390 1001 1070
2803 22 1732 140
1701 975 3791 1406
445 1028 70 640
2015 1022 1861 1026
1970 251 2484 1946
273 507 3744 1456
1573 102 129 512
702 427 1863 271
525 921 2033 1633
15 565 2975 902
2708 1877 3937 1196
3088 577 101 133
3976 824 1883 72
2854 820 984 658
2080 1487 2681 897
2881 1200 2631 1246
1668 1088 2072 960
3647 1485 526 1179
2066 1138 959 755
1788 223 1462 165
3773 639 3994 1051
2525 1463 477 605
3367 221 1321 1425
1737 1795 1255 1738
1042 1586 225 225
610 1891 2500 1061
2789 1550 2917 193
1563 1259 233 1628
390 1577 1019 1385
2038 1907 386 1240
2215 1114 3113 833
1906 136 2850 1719
2241 1687 3243 1353
596 894 498 590
974 1465 2103 1618
2617 667 265 1534
1210 1413 2754 957
2875 1718 1652 1401
3312 854 323 245
1631 731 3796 1192
2559 752 2514 1142
2659 1236 1964 442
2359 556 1146 1142
3205 1404 2086 1665
3311 997 2976 1576
3633 668 3920 285
131 1146 326 786
2364 1253 239 249
2967 664 3202 129
1546 1644 69 1556
1247 1340 2956 384
454 74 705 1607
2643 925 3050 1780
3850 1916 3983 1972
4000 1135 2471 45
2542 999 2374 405
3536 163 1419 979
3814 515 770 1130
2399 1202 527 433
2969 1077 2268 341
1210 1815 1744 1987
1515 1258 2570 1613
2997 1599 387 1784
1804 1895 858 472
1216 478 2413 324
3193 1878 2993 362
1338 1788 895 1741
3176 736 1264 336
1770 51 2699 241
2191 1678 3446 1378
13 1150 3071 1291
3304 131 556 888
3572 56 2895 177
1847 717 1727 2000
2895 1719 1125 879
948 1250 2375 904
973 1811 2392 795
3993 1446 3668 978
2617 1274 997 758
1383 1066 1722 426
3259 1153 129 241
1042 1573 1074 910
2330 1076 1945 1493
148 622 2235 607
1462 6 1267 1441
570 686 2471 1349
1067 1150 3011 681
290 1114 2548 1876
1851 186 1145 1199
1782 1 644 31
1363 1871 1190 1764
3077 1753 23 1638
3700 294 103 1264
1032 783 3138 1603
2284 1932 3784 531
1839 98 3133 389
2376 1985 2025 557
441 1944 773 227
3127 1224 1025 322
806 1753 2064 1849
2921 1268 3422 1366
45 1622 836 700
3817 945 2283 920
2638 818 2301 1752
1246 116 195 1186
1798 1807 3634 1990
845 109 2936 1550
3370 971 3589 372
1379 546 3847 342
1436 1048 2606 1930
3161 953 1049 77
1896 183 3277 1177
2376 1001 6 1254
1472 1580 1491 869
611 8 3155 151
3581 160 1237 95
1183 80 1600 334
3563 176 3775 445
2849 297 375 507
1104 1421 3994 774
3536 1147 849 573
3108 1421 3079 337
1033 1420 3463 1081
1997 617 1543 1246
2896 562 2797 1126
3232 1234 2465 400
1348 990 3670 1167
447 1773 3708 1688
756 1500 317 1358
2865 1081 3565 1610
3983 451 683 1919
3362 1601 2197 1785
3469 69 163 1247
1911 1811 1999 149
2801 342 3551 623
3616 970 513 813
613 1806 2208 538
175 1582 1732 981
3076 1132 3138 1940
423 1180 128 794
926 809 258 1308
3403 955 3518 1949
2004 264 2066 72
3903 109 2387 43
817 836 3277 321
2856 275 145 402
2488 492 1419 851
2677 406 3012 1243
2986 0 775 1646
145 268 1454 52
2957 139 2126 932
1930 1102 3120 1477
23 1336 2758 262
717 137 3339 189
2114 639 3440 1622
19 1923 2913 1189
2357 1131 3911 966
3132 822 2912 486
2332 1132 642 17
2397 1810 1679 1910
2381 197 576 1717
1164 834 89 1535
1427 759 2035 887
3797 1576 164 1820
1250 1452 727 1651
164 1850 3067 735
1947 1716 3811 207
2281 1918 1786 369
1745 1427 228 449
2759 575 3024 24
3460 1442 3896 1004
3837 106 139 670
2895 565 624 725
1146 936 149 524
1360 1048 3743 1135
3509 852 2618 1076
482 1206 3738 133
2819 1365 909 200
2335 1415 800 1310
359 1325 351 457
208 788 1736 1065
2518 46 3266 317
1785 1152 1282 283
1798 176 3209 429
420 1899 114 1961
1668 246 421 26
2326 84 3993 1485
3900 831 3338 1806
3220 1731 3074 465
705 1816 710 506
2383 1611 3431 345
37 617 3205 1911
3484 138 1369 1030
2712 1326 3203 778
2059 1376 2197 996
670 89 3023 776
987 1686 416 852
23 1123 2270 596
1778 495 1960 741
107 265 582 1862
126 805 3263 695
627 1179 2981 996
131 1143 444 280
544 608 3652 1194
3705 1749 3389 1688
2769 1624 898 1843
1010 309 888 774
2417 1175 1084 1784
2265 1828 728 1924
1598 1655 1851 814
3353 1045 1145 142
3694 1880 3537 407
3694 685 2643 39
466 709 3432 1927
2121 172 3856 1122
1950 1280 290 597
297 1377 2375 655
1630 610 2353 1559
2951 110 1675 941
2339 579 304 48
1680 1056 2735 754
1708 1289 1443 1795
357 1594 3836 449
2883 367 2572 1688
2651 732 3894 947
3907 108 3068 1825
669 76 2618 1252
43 1275 2358 812
1563 649 1554 1677
2276 49 1741 1190
1205 1565 1563 583
962 393 246 1637
3016 497 97 423
435 447 3461 1505
169 60 1064 496
1204 1223 36 1558
1836 1055 3616 531
3778 1975 2975 1473
1782 266 541 1786
3121 209 1250 27
2131 901 3767 1045
24 1970 1494 1842
3330 1936 2803 1123
1775 79 1764 1317
1999 862 2369 1789
3422 1504 441 881
3203 1125 566 969
3089 431 1137 1950
1837 90 3781 762
3402 1131 1626 1731
1448 1524 2889 1372
3872 155 3032 1756
3314 1690 2812 1409
573 310 1235 349
352 1522 2458 765
971 1328 3680 863
1800 598 1993 1773
338 281 2211 280
3352 850 1819 1158
2945 700 3562 1117
3918 1869 335 959
3524 1 1086 526
498 196 1536 539
2201 131 2344 763
2945 998 3841 572
3717 1412 3595 1258
2774 246 1924 144
3894 1019 1728 68
2125 1390 2753 839
1709 1070 2144 601
796 194 3250 498
3070 1437 2917 1074
1369 553 3934 778
1356 375 857 1108
288 244 2311 1350
1150 481 1221 726
3005 1140 46 1130
1224 1336 1268 1977
2551 588 1172 678
934 368 1948 1643
2660 683 3841 654
3617 1616 2084 1155
464 1181 470 725
3885 0 510 1897
1189 695 3411 1952
1521 1517 2293 1888
3062 1483 217 1047
2000 31 2659 807
1473 401 3288 636
3976 593 3297 1184
3490 1295 2655 1257
3483 882 3787 50
1830 1456 1102 123
3449 1793 1095 1719
2169 1789 588 618
3287 513 157 1745
1801 1073 841 1377
3529 1218 3914 592
3008 1609 2425 1286
2104 1337 1999 82
328 1126 748 836
2704 177 3264 1660
1795 828 1570 743
970 458 1486 496
3490 570 422 1036
3781 1264 2431 1720
751 1232 1329 1274
1587 760 110 1704
2621 748 1904 348
3499 1727 911 1848
1923 1543 2972 383
1239 506 2762 559
2929 557 3018 827
2231 350 3232 882
2296 689 2393 560
1018 1172 330 543
1917 13 762 712
3636 1676 138 1224
2112 732 3132 4
186 1259 523 511
2940 409 1020 1150
2568 906 1757 582
212 1994 3857 795
2817 678 2401 822
1436 1823 3920 958
573 1348 3093 558
1725 1284 643 283
1852 1772 2408 823
1047 591 1765 1054
3240 6 3829 1115
2647 707 1291 758
2596 1537 2424 1552
1649 832 2246 1086
2129 1740 1012 831
1061 490 2903 957
1396 1138 3013 777
356 271 1193 700
2749 186 3811 1457
669 1731 3880 112
524 352 346 1026
3902 1410 2564 444
802 695 163 403
2496 1699 3072 1443
511 1734 775 613
2367 1053 3085 972
882 830 826 1090
1406 153 717 454
2051 1216 1779 1785
3784 1662 858 1067
1444 454 1527 1529
1292 1404 2694 185
2714 1992 2756 1111
1314 750 3875 533
2068 401 1126 1749
2834 530 3427 1954
3718 278 3349 1588
3678 1252 2483 454
2280 143 2355 315
2723 1345 157 798
3350 35 3432 907
2336 1396 56 364
755 1728 837 1378
1741 1940 2243 420
2262 1488 1923 1935
2451 1772 3610 914
2045 657 3439 1852
3089 759 2790 486
428 827 2306 352
531 372 1458 1846
2129 773 3257 1444
1754 747 772 284
770 1070 899 258
1845 1963 2999 782
2705 916 90 710
141 1418 1836 617
375 976 524 891
1549 620 3463 1426
1308 198 840 439
2231 410 1052 588
2911 142 523 901
3144 162 3519 1252
2019 366 1900 1161
1420 1629 2941 1712
3782 1875 1583 394
3420 150 2946 1415
2047 1948 2760 933
2008 580 2810 394
756 1831 1920 131
3341 1833 2302 1296
2437 817 3106 527
1811 464 3631 298
552 1030 3441 1918
2546 1305 1529 221
1806 1805 1262 558
2910 703 2110 657
1001 1610 2108 594
67 193 2933 1972
3975 47 2685 932
1770 184 3764 47
191 1251 477 388
1755 445 3798 941
2462 844 2797 714
404 982 26 1818
2043 1974 2377 411
2289 1429 1850 274
3997 1897 2589 1874
1951 1052 2365 1808
1441 1040 2203 1898
255 1909 2042 794
3344 1705 2364 1963
1169 1433 2617 94
1883 393 794 930
3411 754 1122 1236
902 1776 1281 1449
1511 1736 666 606
3208 1808 1561 1928
3605 906 1194 1987
1201 1789 2668 1554
3407 283 2824 775
2542 375 229 1040
586 935 526 1904
1258 744 305 1452
961 1807 302 1323
862 496 3711 1981
3549 810 241 1142
1979 1787 1371 866
531 520 477 922
2096 490 2547 1531
3249 28 3581 1934
3373 1765 513 847
370 1425 1126 1242
336 1935 514 1329
2762 377 2036 477
1731 934 3363 148
2437 1421 3061 1162
379 1873 2800 1583
2775 483 2965 934
3483 595 2781 1925
1644 668 2791 857
372 792 2588 122
2379 213 834 1289
640 1656 2731 1167
2313 1666 3870 1789
3138 1897 3111 1968
542 1997 3157 581
3615 217 727 697
3195 462 2506 836
2246 968 1770 1542
1026 583 655 1988
1779 1453 2689 737
3768 1131 1544 336
2382 529 875 1829
1067 1326 2532 1736
874 1354 1892 1658
1297 1837 2953 624
1393 1683 1694 1130
200 1271 296 845
2595 595 2439 1995
2922 1537 1851 1400
1548 1556 1396 200
3305 1538 192 889
1195 944 389 1847
866 1134 1402 874
692 299 3290 1668
3194 131 1189 866
619 66 1704 1036
1074 827 393 1437
3548 24 3743 633
2981 421 3471 561
2725 427 2245 226
2660 665 1863 15
3848 838 287 913
1597 1549 2903 714
2023 936 1394 542
1819 1523 2501 620
1710 932 3498 1841
949 1777 2563 1905
3699 1024 2044 1969
3304 1400 3321 1741
1053 699 454 255
3398 373 2601 1441
2467 935 3469 127
2260 509 3739 1484
3430 1445 1670 451
2001 1367 1382 1336
1438 1747 3421 1598
2834 1215 683 343
1186 992 557 1325
2738 1927 830 559
759 633 2822 1264
3508 203 3341 24
2457 185 3439 1070
1772 701 318 810
1877 230 3272 1946
1067 721 2798 243
3775 1598 2205 671
344 1712 657 1489
1045 395 948 42
3296 1985 563 1576
2313 519 1301 597
3690 1605 322 737
23 1504 2592 1765
1818 386 2385 834
1687 360 2099 122
1188 1107 2943 1542
3124 715 276 578
3600 1815 2928 537
3848 1874 453 1926
3282 481 3385 841
3611 688 3657 1078
2114 1459 1378 503
3719 124 3124 117
3786 1702 3883 1272
2159 317 3106 1414
2879 1657 1235 1783
3269 109 3498 1453
2062 1877 950 373
3757 1156 328 1793
3260 849 2169 148
1843 1720 3744 986
1401 1442 1626 1180
2692 1863 2494 485
2540 251 2164 1569
3563 512 2158 1294
2766 1322 85 559
3359 553 458 684
906 127 1353 1143
3426 1124 2104 298
1320 589 3856 348
1289 202 3875 531
2667 824 3596 1934
673 1926 3711 33
972 237 1416 1337
2870 1942 2504 479
2569 1280 1044 1804
3082 277 639 1399
2469 1934 3451 1287
2763 309 1257 449
2002 93 1827 739
1562 13 1530 129
2513 1306 949 1896
1705 1513 466 229
1047 1691 2209 133
3642 1928 2785 1124
757 1606 117 889
339 814 3581 1120
701 1457 3998 438
590 1834 1652 1572
658 1441 1426 1744
1220 1560 3856 1506
1184 925 1473 1228
3093 891 2900 1804
1163 821 2224 125
409 1961 1600 1578
1973 1218 3751 1347
2165 581 1891 1725
3324 587 1250 996
3370 400 3261 1208
3407 1120 3682 1710
17 1955 27 1223
2621 1110 309 679
3208 1040 3351 433
1071 297 160 1588
599 1484 834 1401
1873 25 3612 853
2197 1100 3380 222
2007 1202 1689 1553
190 1695 2142 1628
2397 1731 3650 411
313 1388 3785 805
1260 514 3546 1821
1985 1738 2919 910
2677 368 40 1057
2833 1133 133 1784
1225 540 2023 130
3409 1045 3407 13
2020 392 2548 1110
2797 1465 3311 452
3119 881 67 1098
1008 356 1873 797
1202 1671 2626 1754
1818 1225 100 1569
498 318 825 997
3525 926 2937 1323
1022 1898 3941 1488
775 1675 515 378
2550 305 2149 89
3707 395 2563 1223
807 197 2234 1274
2575 1611 523 1841
746 704 3935 1617
48 994 187 709
891 280 1310 181
1954 488 2139 890
2445 330 98 454
164 733 2904 1668
3801 1606 129 1222
2634 814 2985 414
3463 1875 2601 1340
2172 1514 61 1606
1625 1301 1463 277
3966 377 730 284
3681 735 3142 178
637 720 548 1291
907 1016 2141 1389
978 90 3780 799
1018 1639 3595 710
366 1195 3075 1899
971 150 129 1342
2715 794 267 1258
3864 925 1727 1167
77 200 603 1578
3475 1203 3217 946
3971 813 78 1871
2304 76 3784 362
3591 1637 2860 1074
3052 207 1590 1274
3175 1851 3150 688
2869 849 133 1389
630 1788 3014 1996
1700 798 986 1370
2735 689 1046 372
1681 556 2896 1474
1324 525 3656 1149
2878 804 3632 1756
376 1274 111 1534
2117 177 3463 28
2917 1034 686 1767
3413 1628 780 845
872 1517 1116 1481
307 529 278 93
3250 604 2508 90
3997 851 596 627
148 209 183 602
2055 799 2987 487
1360 697 1574 1674
3700 1153 2013 1761
3914 491 3973 32
2193 889 3479 893
3794 1825 631 1684
2863 1499 785 1045
108 64 2661 1745
132 159 538 489
3166 1460 2002 496
3319 565 2411 190
1210 1932 3099 1251
2832 441 3424 498
366 1465 2722 1766
2741 568 3993 1165
3483 1066 116 1783
2948 185 882 20
1625 409 603 132
3369 432 3411 1322
1387 874 355 1959
111 930 1902 763
2613 552 3821 328
1132 927 2528 1047
945 513 3124 1902
1231 482 360 263
3214 1196 1334 1435
2251 241 659 178
1240 327 2726 1126
3071 1670 1691 587
442 1289 1251 746
1610 497 1002 1916
3521 1812 2757 1372
699 635 2946 482
3715 1521 1560 1303
564 1256 827 576
2988 1442 2001 331
1764 972 261 873
1520 1852 2813 294
2934 339 2544 69
941 725 2644 1803
1666 1701 2140 1406
416 1584 1891 765
1128 426 2147 1152
2780 217 3738 658
219 1142 2038 656
2495 300 3895 670
2307 584 801 19
1612 51 789 1679
1410 144 791 1340
355 649 1198 1837
1138 260 942 1492
54 58 3815 1280
3494 609 1062 1485
2659 1147 2527 1815
222 835 3319 1002
1113 1005 1286 282
1753 1875 3963 1714
1911 877 3431 348
1648 1231 1720 364
3029 363 3860 949
927 1407 537 1219
1915 1258 1918 1253
51 1042 1564 494
2473 663 2665 1344
58 1743 1821 661
1605 1462 2442 1864
1199 1564 1934 393
729 452 363 1396
600 1545 2401 1535
2397 1410 1856 678
3847 932 192 516
1189 1870 681 889
2835 412 431 1409
2972 358 90 1851
1174 1091 2643 636
2728 884 974 1501
2039 1804 1164 1760
951 68 2078 77
2475 1082 2384 1437
294 1260 169 1478
3225 130 3649 1643
854 1726 508 1819
831 279 13 48
3456 1878 197 1501
1486 6 3950 1700
2438 1767 1082 824
1525 1743 332 415
1592 1470 2910 1297
3065 1953 262 1727
3871 1385 3421 673
2387 1677 1759 1236
654 1716 790 844
1952 1268 3651 1339
2798 1163 2732 1802
628 1074 490 1983
3633 1683 1665 753
1776 1855 2138 150
3762 1313 1765 726
2705 1205 3186 1969
2984 1490 2299 1892
1156 978 1263 1524
2979 1634 2289 258
2922 378 2558 1477
3200 753 3120 234
3225 1834 2599 844
3366 658 455 678
2965 1794 112 463
2886 319 670 1892
1250 457 576 760
3567 1863 3973 596
3589 401 2133 423
499 336 1832 309
747 100 1767 1384
2392 1522 1501 1509
1219 1770 2008 1648
1700 1842 3456 267
2175 645 2859 755
1860 1247 2381 990
1844 1875 3595 854
639 739 1949 1760
2484 693 3565 228
1601 1882 1912 23
942 847 2303 1332
3375 45 3901 911
3130 1344 658 1820
2684 600 1615 1341
2030 1606 2286 868
417 1154 601 1766
2723 1479 2031 507
3801 1629 3290 1493
959 591 1284 293
97 548 1217 173
2717 1478 1594 604
1132 114 1510 8
2795 188 2421 743
2 102 1133 175
2539 721 1379 515
927 276 3630 1380
3436 1569 1266 1537
3976 318 462 1969
697 17 3760 659
1352 846 2849 1604
775 1752 12 1638
1893 2 868 1478
360 1350 1692 1434
1157 558 166 369
2379 1106 1120 971
3930 1569 3298 1619
3670 1627 260 1366
2643 658 153 660
3014 1505 3332 1177
2362 1247 1637 1259
3016 1801 544 575
2879 856 653 654
2649 1833 2657 125
1188 200 1473 783
3581 179 2783 1714
2585 62 610 1603
288 247 2207 1626
1829 184 2973 464
3043 212 2128 454
3343 969 740 1658
222 80 3740 664
3096 1478 3142 479
1783 966 3131 378
1592 1393 2904 1934
679 404 944 1856
1059 839 842 1041
3899 1783 3371 62
1184 691 3028 887
2690 850 812 1940
2841 753 3134 1196
792 698 1002 830
233 1681 1286 1676
3219 675 2989 1757
1120 355 2322 1995
3086 324 3356 365
191 872 3150 1554
213 417 1677 270
3157 1640 1378 508
815 1941 3519 1
3253 9 1956 966
3869 1200 201 305
1013 1926 3922 1873
2639 1345 1842 1539
371 630 3954 1806
3997 1545 938 1268
1317 1423 1645 457
1083 1458 3915 442
972 36 3710 1378
3970 1087 1516 921
576 1614 1781 1996
608 501 3326 1447
873 1417 88 153
1501 1422 3353 379
1489 1299 1180 1347
3377 1256 1258 361
3625 923 1235 1681
3826 1800 487 222
462 82 1521 146
3246 821 1178 1223
2587 132 2317 1892
1957 1370 3219 434
3137 1216 1653 784
2787 1925 2215 984
3097 1741 3656 568
190 366 1891 691
122 68 1078 280
2988 1721 944 1190
656 1485 3418 1702
3037 1621 2755 380
3916 1637 770 414
2615 1613 3009 1253
3342 74 3169 1205
3687 326 715 802
851 219 381 196
415 1001 3133 1230
3761 1058 3406 1714
1156 276 377 8
1064 826 2810 1099
1277 215 3143 202
1190 1394 253 1460
3342 1557 1704 1876
1098 825 2076 581
45 667 2683 375
1466 1122 1255 188
3302 1504 2362 1290
534 623 1888 522
3975 1130 3257 1801
3975 1733 1662 754
1215 166 310 178
2870 12 443 195
1700 1574 107 781
352 1457 3178 42
2353 122 39 183
2652 252 2786 1422
112 593 261 1535
2290 84 1724 1127
2779 42 1490 1118
1486 658 3930 1253
949 887 895 1539
3147 1090 3409 1504
656 867 2791 1473
2704 719 1541 1154
2252 1182 1315 138
1896 311 2496 369
3775 282 3227 1764
1674 1456 796 1416
2469 1482 3489 1806
3232 1007 3158 1442
297 846 1882 1358
767 888 2794 560
334 1978 1505 634
49 1157 2338 52
1922 499 3857 124
402 936 3807 672
570 775 260 174
134 398 3769 334
2190 1149 3419 156
3366 558 3270 241
84 1408 644 1964
1490 77 887 276
3065 258 2918 593
790 484 1275 1753
1890 948 3143 1809
3678 247 1954 1517
2874 1853 1520 419
3871 219 3051 1112
63 839 1569 508
3470 965 464 1381
1804 434 2899 279
3685 510 2470 217
1295 874 782 684
2465 690 1817 1327
1360 351 2402 753
2976 1872 383 1635
825 1980 2739 290
2628 740 1810 479
3835 1321 3905 1150
2883 1096 1648 973
919 1110 3311 159
3119 749 618 1470
1127 1848 842 532
3604 1045 60 498
2480 1104 3464 449
52 736 2565 1328
1632 1747 3222 1148
2969 1234 432 1542
1261 786 2897 696
1506 785 3166 772
1326 1638 156 817
1084 891 1158 1962
1425 351 727 752
1822 883 2085 1179
3899 278 3414 443
910 1830 2171 382
1908 1377 456 867
381 904 498 279
1831 1994 3613 1731
2886 1513 3200 1093
537 1220 2002 868
1559 349 2404 1818
2521 1640 2329 1629
859 1137 2582 60
3943 938 1179 742
1090 1811 2322 1094
3639 962 1340 1487
1442 1213 519 1514
427 1807 303 784
1210 455 3222 902
1504 20 1668 551
132 1390 606 668
2034 1973 2002 1492
859 1733 2323 1272
2867 739 1250 1727
2149 839 3588 1776
1898 456 1458 521
3026 1817 474 1520
1549 488 3514 1331
3778 1512 1476 157
642 501 2480 1553
937 947 3409 315
949 963 1301 1690
2930 158 455 1745
3399 1277 1119 599
1636 1885 2620 1646
3900 247 1144 401
635 508 2538 223
3710 1349 2629 364
2638 1307 2548 886
12 568 541 1004
404 1419 3006 1482
1729 1701 1100 1030
3895 281 839 601
3487 590 2325 640
3690 477 387 803
1530 1277 1415 1409
1907 440 316 1221
3899 1661 3790 1744
2746 60 3229 1012
2551 1034 1406 1680
81 1035 3657 1786
1957 1580 337 1690
2073 771 739 796
1766 404 3177 954
2694 1115 49 1679
3886 489 813 410
3153 1481 2955 1505
2643 838 1055 689
25 1872 2156 1101
139 959 1558 1337
604 1947 2043 1148
1053 1467 1443 471
1560 1829 868 132
3363 447 1112 1499
1686 773 2891 822
1176 1362 2967 1930
2328 1772 644 69
1050 125 2495 1184
2739 1004 215 925
1796 1623 3313 355
555 1669 2365 1716
345 1244 2312 1155
2010 1554 2660 856
3874 938 1020 1836
3949 327 2082 720
2050 188 1985 621
217 988 2264 1515
3136 1998 2960 1034
2596 931 1390 1769
1703 580 2001 515
1760 1417 510 1512
604 1009 850 1458
3608 690 1455 808
1352 1046 864 813
3649 1516 207 304
3901 1155 214 286
1876 484 257 737
87 840 2722 1588
272 1802 3233 428
771 1355 1139 434
1980 409 2590 1439
1931 1575 3921 1318
503 1825 1464 682
3984 885 590 596
396 851 3518 1886
1249 1845 9 1278
3466 1330 3006 1927
1245 16 1731 2000
62 1642 1556 1576
3656 1185 136 1020
1055 1277 3089 368
3310 1892 407 1500
767 1712 2017 1411
1034 1250 1914 1572
2644 715 2377 1671
3506 1579 1189 1318
536 24 3541 980
1967 870 573 1679
2204 1031 522 424
3400 1984 15 322
362 1520 875 393
1600 530 3349 15
586 1786 2700 750
2754 1793 916 509
1623 1031 1031 337
1881 1472 858 1364
2811 405 724 526
2363 1616 584 8
984 975 1670 1881
2694 418 183 1962
2785 1847 1051 354
694 1937 2052 1149
594 702 1540 1295
632 637 1983 1356
2928 390 3462 917
534 1693 2028 1526
2775 610 2764 614
3992 94 783 346
2313 11 1107 30
3952 1332 1194 1044
129 278 1819 1745
1393 1747 3356 1884
2186 1432 1651 1715
3523 1290 2320 1461
2282 113 32 126
592 971 1073 642
1671 1352 354 1115
3757 1144 3836 1522
2567 130 941 872
3599 230 110 464
133 1262 2486 1295
993 312 1305 1648
1272 296 2743 845
576 474 1448 768
3114 971 2851 1479
773 1005 1297 954
1910 1733 1849 1101
738 382 3796 1770
3959 1873 3518 1217
2472 1363 2099 1555
891 803 3695 900
2815 868 495 746
3552 1645 3076 715
3678 659 153 1157
301 827 1622 1553
31 102 559 920
3829 136 2820 1660
2414 578 3729 265
3103 266 643 865
1927 1732 1589 1236
2918 815 1280 1861
436 1623 3292 1341
2174 302 1640 1249
529 65 2403 1516
3583 1692 1650 1998
284 386 286 1045
807 1688 1067 265
2006 478 2903 1320
846 1807 12 711
3054 1379 3449 1775
70 1154 2436 154
522 593 1419 262
1148 474 3170 134
1238 1958 1634 257
2293 1673 1017 1807
1890 1456 2327 881
2423 1445 1550 689
2676 249 2828 64
1650 113 1372 1823
1572 84 941 253
3802 1500 3311 1806
1256 1719 1556 290
1374 1495 3781 1475
2979 1862 2626 335
828 141 1274 940
234 1997 3339 1624
2721 442 1955 501
1840 352 3223 990
3106 682 166 1866
2068 257 736 572
2749 214 2603 1283
506 1694 1925 115
3745 1305 1963 606
554 723 70 1913
3771 799 2182 952
1758 456 1314 741
195 145 1881 1698
1050 962 1793 1182
3157 1806 434 354
2286 85 1367 1145
557 1679 3948 274
2346 1248 2170 753
2018 493 3310 1277
1153 247 760 1101
715 1609 3078 325
128 1399 3542 1557
492 71 1504 1073
1230 739 1474 167
931 1007 3909 132
99 869 3196 78
3812 955 3836 28
2063 1215 3421 1121
3885 381 90 252
3943 1074 2828 1381
3300 1874 1811 1151
3704 657 66 1408
459 831 2854 1992
2115 1950 2822 1661
2885 1351 1740 1802
2445 974 1977 5
1619 1198 1062 837
3294 1212 3013 358
1587 1036 855 354
1705 407 2952 1334
3430 1240 303 2000
3251 563 656 1759
3578 1261 677 588
1352 985 279 57
3617 340 1230 1906
2307 1866 3674 887
170 923 1518 1009
2360 1813 1693 59
1247 1001 3432 1474
3708 551 3994 1648
264 1702 3745 1064
2469 1486 238 994
2734 1930 702 1148
1123 300 477 673
1498 1348 2848 967
3622 760 2569 961
342 1861 3556 979
67 1002 2079 859
3361 898 3088 991
318 1639 1221 1169
3532 586 508 777
2658 1126 563 1900
1411 1230 762 917
3889 1501 2441 210
1433 294 1789 699
1473 563 821 964
2196 1654 3305 897
3174 1604 2596 1256
2407 455 2738 771
1112 394 3607 599
595 1956 1980 416
3092 1754 2751 996
1322 146 3157 411
2383 1636 2871 1625
1099 367 2791 721
3294 1947 2463 265
1552 541 2653 1285
1129 985 1188 254
1982 1276 1025 1543
2881 1707 3406 1153
3567 1658 310 1040
1068 1520 1854 1163
1488 633 3217 1825
2201 1999 2507 1932
1641 1546 1490 1084
2459 746 2466 1305
1267 1745 3544 116
3685 1918 3047 1778
1571 707 3853 875
3320 1214 3569 610
2525 1493 3259 1634
325 1617 1406 1787
837 860 1452 671
3421 1242 2502 1395
3110 1750 1695 943
2110 1855 3883 1503
639 576 821 1871
1136 334 261 1163
3995 1795 3732 1239
3608 71 2855 716
3289 361 3201 298
1881 213 1757 1870
2187 1037 102 53
881 1908 2185 67
2140 1617 3965 723
2468 542 533 288
2791 1732 7 1082
2458 734 1260 928
337 1440 654 888
3008 1832 1847 600
255 175 3531 1489
1103 69 2532 1087
2781 562 2134 954
681 1135 3582 1483
1441 1498 1981 706
3824 1865 3714 1311
414 451 2693 1643
3210 614 2969 959
3083 1868 1566 324
3620 684 3816 1522
2740 1107 2680 1519
715 867 2340 631
2602 1351 3720 1361
3677 333 1179 1859
1576 136 791 1528
297 563 1349 696
3734 245 1108 37
1110 803 1861 1760
1245 1366 3334 1668
2316 625 1158 298
2132 462 2039 914
942 904 820 179
2223 1461 2592 213
170 1877 245 1294
2583 1910 1807 1602
249 1269 250 863
1758 999 3060 1474
2914 656 2498 1120
508 887 1118 548
2429 1393 674 904
2640 1418 95 42
1457 104 2524 588
1902 407 2950 121
1985 920 29 629
1248 21 1823 329
1276 424 3888 635
3442 1852 3428 550
88 1130 2284 1724
803 370 420 1818
1430 1673 776 1030
2751 900 492 1564
576 1259 3955 1988
1872 88 956 520
2923 1577 939 721
2751 1016 429 305
3952 96 1968 853
849 1246 3648 982
3008 1247 2236 1128
2257 635 2026 926
2274 97 1124 805
783 1687 1205 1254
3288 847 3333 1933
850 418 1535 11
430 1545 314 1527
362 990 534 1725
1324 671 2321 6
2392 612 2086 1838
3218 1963 3298 1536
3844 470 3012 834
3751 1558 3574 76
2728 1987 922 1574
1831 1280 2615 1069
3831 1276 1284 925
2678 1507 318 1852
3226 912 504 310
3099 1178 1455 1313
3969 1229 785 309
2823 1406 3282 542
3037 481 2315 1814
3608 1584 300 102
1335 1690 3071 165
1863 1989 2619 1231
586 1569 1794 571
1373 941 1906 69
771 1153 138 1637
3260 837 378 627
3256 160 3939 810
1824 50 1644 1869
999 190 1081 1028
3768 1050 892 572
277 1117 3299 1195
3185 1712 1495 1368
3753 1562 3910 1568
1857 632 2659 1682
758 444 2009 1912
334 440 2947 791
1299 1942 1468 340
3713 1978 2364 1819
760 921 3831 277
3633 732 1183 1311
3136 442 443 1407
3199 103 3463 195
1412 75 1950 1958
3724 270 1445 841
3843 1586 697 1875
565 1743 3614 631
2257 1830 3967 1421
3764 1741 2757 1172
19 751 145 1386
1974 570 2055 1993
2956 1459 378 143
277 1100 638 451
3151 161 118 402
2422 1893 556 539
1598 956 2101 1733
2799 1390 2998 1309
255 427 2707 267
2630 1062 1681 1553
3260 947 1900 133
902 718 1561 980
856 297 1450 1335
1263 1809 1496 1889
951 927 2547 671
3595 1813 2502 657
2658 1850 3258 854
3914 1317 2743 1055
3347 1706 2765 1782
3661 893 1357 1381
2892 575 482 1646
3116 692 2670 342
2137 1991 1813 1673
2058 221 1560 219
3088 1876 2976 74
479 976 3096 389
162 394 3502 751
2532 1374 2728 117
2666 674 3227 1229
2460 1301 1183 36
3306 559 3852 569
3605 1084 1024 1379
3105 1225 3538 405
838 676 1570 1913
2111 36 2789 1907
2622 1509 3771 1948
2344 117 1882 252
829 1270 1669 1992
3191 1205 3556 734
2789 1347 2366 1493
2148 1875 3108 1666
2266 1327 1256 554
1634 876 3174 1361
3477 491 2009 1442
3168 950 2283 951
3354 730 3072 1632
802 1254 2023 1566
78 1335 1149 1674
635 152 3465 269
2409 695 3198 941
2242 768 413 1982
3913 587 385 1961
3472 407 1548 1910
3291 400 2900 63
1555 505 1741 591
3277 752 3576 1299
3486 72 719 409
3401 1868 3539 1006
3939 1632 2850 114
3371 633 455 234
1421 1360 3739 723
3947 912 2513 159
3390 503 543 1911
1481 151 1719 723
755 802 1771 1652
3131 963 2867 904
1462 748 2903 204
2002 490 3617 593
3670 769 2262 1561
1182 1250 916 1768
2832 1687 30 1601
1206 1951 2290 1609
1018 1304 2709 927
1583 1105 3260 1939
1905 1387 232 1376
3366 504 1872 191
3674 742 444 483
2138 229 1620 1754
1425 1941 3219 1394
59 257 1998 950
2589 659 30 1893
3491 1133 3617 1274
3779 954 315 714
1625 1345 3254 1230
2485 1016 3093 125
3649 552 828 643
239 1405 3264 1609
2759 351 3976 219
47 1179 2086 342
3643 481 1053 1702
2612 1109 1342 422
3609 130 2290 850
2347 843 590 60
2157 865 3149 1706
461 446 2770 253
1967 1236 2027 1536
1501 1737 2602 1376
36 95 2142 1962
3837 1916 1004 920
3075 129 677 1928
3977 666 1988 1387
3920 1234 1860 393
159 1903 3722 440
2153 379 3365 1884
2134 815 3649 723
2826 1358 2948 810
2945 1226 1579 680
1681 678 1305 205
1260 1171 3818 1044
2229 211 1845 216
1683 225 554 778
679 70 1704 1651
2396 252 2003 1455
1577 61 3331 1519
3731 392 1768 953
1079 1731 655 534
2786 1619 3793 1726
15 915 1950 991
2937 221 3927 1358
2272 1651 3301 859
3108 1241 1061 1053
170 1513 2549 1335
1886 415 3704 673
1303 1029 23 1682
979 976 3057 551
