2 100
3140 1401 1357 1905
556 1056 2650 802
3675 1522 1774 107
1182 1853 1307 964
3595 111 3806 746
962 1895 2687 1353
2030 1186 43 1957
3507 1851 3092 1668
2642 1269 185 1542
3438 901 834 629
3858 1472 40 462
2937 1568 1183 1391
376 1018 2048 1628
839 1355 1097 643
706 1925 1838 1732
749 920 234 1118
298 615 3314 1881
694 552 737 1285
387 190 779 777
2801 695 2312 1949
3133 1143 2576 189
1517 266 3078 1541
1538 224 2781 478
844 520 705 1812
2639 1239 3409 1917
3123 217 323 1714
2489 1520 1660 1556
3834 1827 3729 1188
3417 1808 693 1383
2938 543 2361 640
71 1323 2433 1538
3245 1828 554 1825
731 1741 913 317
2312 1270 3586 1909
2426 1851 2636 727
380 478 1000 457
2310 635 482 1337
2830 775 3704 1082
3829 513 3635 1174
3684 445 1362 1526
171 514 2049 417
627 1261 2552 1909
1490 1123 3939 640
61 81 219 898
422 542 812 351
2698 1221 901 1552
2372 127 2513 1572
177 1390 242 584
3084 748 826 1226
1213 910 3278 799
3 1817 86 1065
1782 995 14 454
3896 742 1327 1893
1829 812 2773 1286
1286 550 2469 1838
3017 108 3835 963
2132 1432 1031 428
2000 1110 3853 1712
3317 1966 1868 197
1729 1498 1544 863
2408 1747 457 1607
3292 152 3174 1064
193 1210 192 1004
782 1462 2318 1925
2503 352 2232 1374
1697 1924 396 828
3821 147 2365 1649
3370 791 2499 658
3162 367 1410 307
3938 516 2990 214
2741 1583 3646 1018
2330 741 3394 1028
3918 1088 1779 90
1794 1589 1058 372
2929 485 2933 1459
3453 1998 3099 173
896 705 2178 978
399 850 138 1610
2614 195 2082 1753
2800 653 2302 1127
2630 20 805 272
563 1513 22 1617
1090 1652 3213 1085
2009 1163 99 536
3876 1165 1533 1780
3084 774 3564 676
1526 1612 29 6
1612 328 3808 1375
1423 1322 2221 291
3058 1276 3499 1885
3782 1865 3124 408
347 252 781 671
3904 1444 1027 1041
2191 1579 3249 378
3220 1454 3297 491
468 319 213 220
3611 1968 721 186
3114 1629 3736 1542
3515 1892 868 731
3060 155 960 303
