2 100
3140 1401 3477 949
556 1056 91 1732
3675 1522 3972 329
1182 1853 198 1632
3595 111 1806 733
962 1895 538 1023
2030 1186 3430 1088
3507 1851 2186 766
2642 1269 1513 1646
3438 901 2143 1611
3858 1472 53 1657
2937 1568 3404 1307
376 1018 1034 1344
839 1355 2823 376
706 1925 3104 1931
749 920 3232 324
298 615 2790 1457
694 552 374 9
387 190 741 146
2801 695 3083 1938
3133 1143 3502 1067
1517 266 1280 237
1538 224 3326 1846
844 520 217 38
2639 1239 2503 1172
3123 217 3527 41
2489 1520 739 1850
3834 1827 3548 1999
3417 1808 48 154
2938 543 1419 872
71 1323 1689 1223
3245 1828 3468 1404
731 1741 1628 253
2312 1270 382 872
2426 1851 3029 1242
380 478 3646 1758
2310 635 285 1029
2830 775 1782 93
3829 513 1067 371
3684 445 2849 1214
171 514 920 1835
627 1261 1741 712
1490 1123 876 220
61 81 2753 283
422 542 2609 1286
2698 1221 3941 258
2372 127 3613 523
177 1390 1754 559
3084 748 2916 1724
1213 910 2445 1820
3 1817 3825 1101
1782 995 2779 435
3896 742 201 693
1829 812 2502 1274
1286 550 765 833
3017 108 3105 1823
2132 1432 1937 1400
2000 1110 3364 1498
3317 1966 3702 1624
1729 1498 2164 1874
2408 1747 3019 189
3292 152 3098 1594
193 1210 3239 1376
782 1462 3359 1693
2503 352 2081 1011
1697 1924 1398 1100
3821 147 618 1953
3370 791 1878 59
3162 367 3803 886
3938 516 397 1217
2741 1583 3035 152
2330 741 2502 146
3918 1088 3230 380
1794 1589 3479 1023
2929 485 958 1670
3453 1998 3423 1241
896 705 78 1066
399 850 96 691
2614 195 3431 78
2800 653 2053 1461
2630 20 3048 1
563 1513 571 1711
1090 1652 3393 782
2009 1163 2835 1472
3876 1165 144 1185
3084 774 923 108
1526 1612 989 1997
1612 328 3061 1211
1423 1322 2977 39
3058 1276 1668 658
3782 1865 878 715
347 252 678 1599
3904 1444 1086 868
2191 1579 640 110
3220 1454 3551 1673
468 319 106 1267
3611 1968 2243 1332
3114 1629 3796 1401
3515 1892 2643 1320
3060 155 48 267
