2 100
3140 1401 2995 264
556 1056 202 233
3675 1522 981 848
1182 1853 1346 408
3595 111 781 670
962 1895 1009 1001
2030 1186 2927 1777
3507 1851 2982 949
2642 1269 555 1121
3438 901 464 1302
3858 1472 3452 637
2937 1568 571 1982
376 1018 2656 128
839 1355 1623 1723
706 1925 2067 694
749 920 1725 927
298 615 3600 459
694 552 1109 1196
387 190 366 339
2801 695 778 1282
3133 1143 386 1616
1517 266 3918 1217
1538 224 3332 1049
844 520 2597 349
2639 1239 811 1295
3123 217 241 1069
2489 1520 2658 360
3834 1827 394 1944
3417 1808 3786 1862
2938 543 264 36
71 1323 2050 1833
3245 1828 3538 125
731 1741 1646 1817
2312 1270 2993 624
2426 1851 547 25
380 478 3373 1902
2310 635 460 267
2830 775 3060 781
3829 513 1828 456
3684 445 1021 962
171 514 2347 388
627 1261 3535 1112
1490 1123 1529 581
61 81 1203 385
422 542 1787 1902
2698 1221 2740 1101
2372 127 555 1753
177 1390 47 363
3084 748 3935 540
1213 910 3062 329
3 1817 387 199
1782 995 2901 920
3896 742 931 512
1829 812 1766 692
1286 550 401 980
3017 108 149 1629
2132 1432 2214 1977
2000 1110 3805 1619
3317 1966 1179 969
1729 1498 1017 333
2408 1747 2834 1512
3292 152 634 294
193 1210 1819 814
782 1462 1393 859
2503 352 1768 1578
1697 1924 3023 871
3821 147 3248 1906
3370 791 1632 1742
3162 367 2223 990
3938 516 3868 697
2741 1583 1541 354
2330 741 2374 1944
3918 1088 1962 389
1794 1589 3007 1524
2929 485 3220 1945
3453 1998 2356 1568
896 705 1604 706
399 850 2028 1736
2614 195 2581 121
2800 653 2221 1578
2630 20 2944 632
563 1513 1082 1561
1090 1652 997 942
2009 1163 2334 523
3876 1165 1264 1090
3084 774 1699 1294
1526 1612 235 1059
1612 328 2592 248
1423 1322 3642 699
3058 1276 3599 514
3782 1865 1766 678
347 252 240 619
3904 1444 1272 246
2191 1579 3503 301
3220 1454 80 1533
468 319 1677 1238
3611 1968 3766 154
3114 1629 3946 459
3515 1892 1994 1852
3060 155 278 165
