2 100
1357 1905 3477 949
2650 802 91 1732
1774 107 3972 329
1307 964 198 1632
3806 746 1806 733
2687 1353 538 1023
43 1957 3430 1088
3092 1668 2186 766
185 1542 1513 1646
834 629 2143 1611
40 462 53 1657
1183 1391 3404 1307
2048 1628 1034 1344
1097 643 2823 376
1838 1732 3104 1931
234 1118 3232 324
3314 1881 2790 1457
737 1285 374 9
779 777 741 146
2312 1949 3083 1938
2576 189 3502 1067
3078 1541 1280 237
2781 478 3326 1846
705 1812 217 38
3409 1917 2503 1172
323 1714 3527 41
1660 1556 739 1850
3729 1188 3548 1999
693 1383 48 154
2361 640 1419 872
2433 1538 1689 1223
554 1825 3468 1404
913 317 1628 253
3586 1909 382 872
2636 727 3029 1242
1000 457 3646 1758
482 1337 285 1029
3704 1082 1782 93
3635 1174 1067 371
1362 1526 2849 1214
2049 417 920 1835
2552 1909 1741 712
3939 640 876 220
219 898 2753 283
812 351 2609 1286
901 1552 3941 258
2513 1572 3613 523
242 584 1754 559
826 1226 2916 1724
3278 799 2445 1820
86 1065 3825 1101
14 454 2779 435
1327 1893 201 693
2773 1286 2502 1274
2469 1838 765 833
3835 963 3105 1823
1031 428 1937 1400
3853 1712 3364 1498
1868 197 3702 1624
1544 863 2164 1874
457 1607 3019 189
3174 1064 3098 1594
192 1004 3239 1376
2318 1925 3359 1693
2232 1374 2081 1011
396 828 1398 1100
2365 1649 618 1953
2499 658 1878 59
1410 307 3803 886
2990 214 397 1217
3646 1018 3035 152
3394 1028 2502 146
1779 90 3230 380
1058 372 3479 1023
2933 1459 958 1670
3099 173 3423 1241
2178 978 78 1066
138 1610 96 691
2082 1753 3431 78
2302 1127 2053 1461
805 272 3048 1
22 1617 571 1711
3213 1085 3393 782
99 536 2835 1472
1533 1780 144 1185
3564 676 923 108
29 6 989 1997
3808 1375 3061 1211
2221 291 2977 39
3499 1885 1668 658
3124 408 878 715
781 671 678 1599
1027 1041 1086 868
3249 378 640 110
3297 491 3551 1673
213 220 106 1267
721 186 2243 1332
3736 1542 3796 1401
868 731 2643 1320
960 303 48 267
