2 100
1357 1905 2995 264
2650 802 202 233
1774 107 981 848
1307 964 1346 408
3806 746 781 670
2687 1353 1009 1001
43 1957 2927 1777
3092 1668 2982 949
185 1542 555 1121
834 629 464 1302
40 462 3452 637
1183 1391 571 1982
2048 1628 2656 128
1097 643 1623 1723
1838 1732 2067 694
234 1118 1725 927
3314 1881 3600 459
737 1285 1109 1196
779 777 366 339
2312 1949 778 1282
2576 189 386 1616
3078 1541 3918 1217
2781 478 3332 1049
705 1812 2597 349
3409 1917 811 1295
323 1714 241 1069
1660 1556 2658 360
3729 1188 394 1944
693 1383 3786 1862
2361 640 264 36
2433 1538 2050 1833
554 1825 3538 125
913 317 1646 1817
3586 1909 2993 624
2636 727 547 25
1000 457 3373 1902
482 1337 460 267
3704 1082 3060 781
3635 1174 1828 456
1362 1526 1021 962
2049 417 2347 388
2552 1909 3535 1112
3939 640 1529 581
219 898 1203 385
812 351 1787 1902
901 1552 2740 1101
2513 1572 555 1753
242 584 47 363
826 1226 3935 540
3278 799 3062 329
86 1065 387 199
14 454 2901 920
1327 1893 931 512
2773 1286 1766 692
2469 1838 401 980
3835 963 149 1629
1031 428 2214 1977
3853 1712 3805 1619
1868 197 1179 969
1544 863 1017 333
457 1607 2834 1512
3174 1064 634 294
192 1004 1819 814
2318 1925 1393 859
2232 1374 1768 1578
396 828 3023 871
2365 1649 3248 1906
2499 658 1632 1742
1410 307 2223 990
2990 214 3868 697
3646 1018 1541 354
3394 1028 2374 1944
1779 90 1962 389
1058 372 3007 1524
2933 1459 3220 1945
3099 173 2356 1568
2178 978 1604 706
138 1610 2028 1736
2082 1753 2581 121
2302 1127 2221 1578
805 272 2944 632
22 1617 1082 1561
3213 1085 997 942
99 536 2334 523
1533 1780 1264 1090
3564 676 1699 1294
29 6 235 1059
3808 1375 2592 248
2221 291 3642 699
3499 1885 3599 514
3124 408 1766 678
781 671 240 619
1027 1041 1272 246
3249 378 3503 301
3297 491 80 1533
213 220 1677 1238
721 186 3766 154
3736 1542 3946 459
868 731 1994 1852
960 303 278 165
