2 100
2995 264 3477 949
202 233 91 1732
981 848 3972 329
1346 408 198 1632
781 670 1806 733
1009 1001 538 1023
2927 1777 3430 1088
2982 949 2186 766
555 1121 1513 1646
464 1302 2143 1611
3452 637 53 1657
571 1982 3404 1307
2656 128 1034 1344
1623 1723 2823 376
2067 694 3104 1931
1725 927 3232 324
3600 459 2790 1457
1109 1196 374 9
366 339 741 146
778 1282 3083 1938
386 1616 3502 1067
3918 1217 1280 237
3332 1049 3326 1846
2597 349 217 38
811 1295 2503 1172
241 1069 3527 41
2658 360 739 1850
394 1944 3548 1999
3786 1862 48 154
264 36 1419 872
2050 1833 1689 1223
3538 125 3468 1404
1646 1817 1628 253
2993 624 382 872
547 25 3029 1242
3373 1902 3646 1758
460 267 285 1029
3060 781 1782 93
1828 456 1067 371
1021 962 2849 1214
2347 388 920 1835
3535 1112 1741 712
1529 581 876 220
1203 385 2753 283
1787 1902 2609 1286
2740 1101 3941 258
555 1753 3613 523
47 363 1754 559
3935 540 2916 1724
3062 329 2445 1820
387 199 3825 1101
2901 920 2779 435
931 512 201 693
1766 692 2502 1274
401 980 765 833
149 1629 3105 1823
2214 1977 1937 1400
3805 1619 3364 1498
1179 969 3702 1624
1017 333 2164 1874
2834 1512 3019 189
634 294 3098 1594
1819 814 3239 1376
1393 859 3359 1693
1768 1578 2081 1011
3023 871 1398 1100
3248 1906 618 1953
1632 1742 1878 59
2223 990 3803 886
3868 697 397 1217
1541 354 3035 152
2374 1944 2502 146
1962 389 3230 380
3007 1524 3479 1023
3220 1945 958 1670
2356 1568 3423 1241
1604 706 78 1066
2028 1736 96 691
2581 121 3431 78
2221 1578 2053 1461
2944 632 3048 1
1082 1561 571 1711
997 942 3393 782
2334 523 2835 1472
1264 1090 144 1185
1699 1294 923 108
235 1059 989 1997
2592 248 3061 1211
3642 699 2977 39
3599 514 1668 658
1766 678 878 715
240 619 678 1599
1272 246 1086 868
3503 301 640 110
80 1533 3551 1673
1677 1238 106 1267
3766 154 2243 1332
3946 459 3796 1401
1994 1852 2643 1320
278 165 48 267
